38	221	0.875	1
76	255	0.0	0
16	73	0.875	0
1	6	1.0	0
234	87	0.875	0
160	405	0.75	0
1	349	1.0	1
1	337	0.375	0
1	344	0.25	0
316	1	0.75	1
1	1	0.25	1
1	216	0.5	0
296	413	0.25	0
375	1	0.5	1
372	323	0.75	0
101	1	0.875	1
377	224	0.875	1
289	123	0.25	0
1	219	0.75	0
1	256	0.75	0
1	293	0.0	0
1	18	0.125	0
1	1	1.0	1
1	1	0.0	1
1	388	0.75	0
1	49	0.625	1
1	420	0.0	0
393	68	0.625	0
95	17	0.0	0
1	386	0.5	0
1	383	0.5	0
384	80	0.625	0
1	1	0.5	1
1	209	0.125	0
267	418	0.875	0
420	231	0.875	0
1	204	0.5	0
1	262	0.625	0
423	198	0.875	0
1	1	0.625	1
1	91	0.25	0
284	310	0.625	0
1	54	0.5	1
1	40	0.75	0
174	407	0.375	0
1	50	0.25	0
295	1	1.0	1
111	365	1.0	0
1	194	0.625	0
1	1	0.375	1
1	80	0.75	1
1	261	1.0	0
1	276	0.125	0
108	371	0.625	0
1	298	0.5	0
343	423	0.5	0
8	346	0.0	0
1	322	1.0	0
1	142	1.0	1
1	389	0.25	0
347	1	0.375	1
317	342	0.25	0
1	53	0.375	0
1	340	0.125	0
13	215	0.125	0
188	414	0.125	0
1	429	0.875	0
92	17	0.75	0
412	401	0.75	1
1	382	0.0	0
124	1	0.875	1
1	275	0.25	0
327	151	0.625	0
363	55	0.75	0
30	94	0.5	0
1	162	0.125	0
1	393	1.0	0
1	296	0.75	0
1	228	0.125	1
1	343	0.5	0
1	284	1.0	0
24	35	0.625	0
245	267	1.0	0
1	129	0.625	0
1	81	0.375	0
1	1	0.5	1
220	66	1.0	0
1	66	0.5	0
1	7	0.75	0
139	375	0.625	0
1	1	0.5	1
369	288	0.5	0
68	158	0.75	0
1	1	0.25	1
330	203	0.375	1
230	1	0.625	1
1	192	0.5	0
47	429	0.625	0
1	271	0.625	0
162	163	0.375	0
1	108	0.5	0
1	198	0.0	0
1	366	0.625	0
1	389	1.0	0
224	105	0.375	0
1	135	0.5	0
1	427	0.125	0
49	426	0.25	0
1	312	0.125	0
1	287	0.625	0
90	1	0.0	1
1	338	0.5	0
277	1	0.25	1
1	361	0.5	0
315	309	0.5	0
1	269	0.25	0
44	341	0.375	1
355	182	0.625	0
233	120	0.875	0
411	352	0.875	0
1	96	0.125	0
37	124	0.0	0
142	167	0.125	0
1	374	0.5	0
194	287	0.625	0
85	326	0.125	0
289	144	0.25	0
44	404	0.875	0
138	423	0.125	0
1	48	1.0	0
1	166	0.625	0
1	152	0.5	0
220	332	0.875	0
1	207	0.75	0
172	196	0.375	0
1	424	0.5	0
1	187	0.375	0
173	16	1.0	0
1	36	0.0	0
1	1	0.875	0
57	29	1.0	0
230	19	1.0	0
399	166	1.0	0
1	269	1.0	0
1	77	0.5	0
1	392	1.0	1
136	57	0.625	0
8	30	0.0	0
1	232	0.375	0
1	58	0.0	0
1	105	0.75	0
1	346	0.625	1
1	188	0.875	0
1	100	0.75	0
131	35	0.875	0
61	179	0.625	0
1	244	0.125	0
1	166	0.0	0
1	420	0.375	0
1	30	0.875	1
1	396	0.125	0
429	283	1.0	0
1	192	1.0	0
407	371	0.75	0
1	369	0.125	0
234	1	0.875	1
1	51	0.625	0
302	249	0.25	0
212	342	0.125	0
1	1	0.75	1
427	191	1.0	0
115	1	0.125	1
420	339	1.0	0
54	316	0.375	0
1	142	0.625	0
43	245	0.0	0
1	404	0.0	0
86	18	0.0	0
1	85	0.625	0
1	324	0.125	0
1	1	1.0	1
245	210	0.125	0
184	246	0.5	1
359	404	0.875	0
1	127	0.875	1
393	391	0.625	0
1	342	0.0	0
1	77	0.0	0
354	240	0.5	0
138	56	0.75	0
1	313	0.625	0
1	248	0.875	0
1	129	1.0	0
1	118	0.5	0
1	1	0.0	1
186	210	0.5	0
1	86	0.375	0
1	255	0.5	0
1	185	0.625	0
1	1	0.25	1
122	61	0.375	0
149	274	0.625	0
1	219	0.5	0
274	292	0.875	0
1	266	0.75	0
1	159	1.0	0
24	1	0.625	1
1	1	0.25	1
1	9	0.875	1
1	345	0.75	1
1	268	0.875	0
88	220	0.75	1
1	321	0.0	0
203	1	0.25	1
1	91	0.0	0
1	1	1.0	1
1	130	0.875	0
423	317	0.875	0
43	349	1.0	0
24	45	0.0	0
26	191	0.125	0
1	132	0.5	0
1	1	0.25	1
1	233	0.75	0
148	113	0.125	0
1	62	1.0	0
1	173	0.25	0
229	221	0.625	0
72	178	0.375	0
38	1	1.0	1
1	123	0.625	1
2	31	0.0	0
1	412	0.625	0
1	1	0.75	1
1	48	0.5	0
1	343	0.125	0
1	1	0.125	1
1	363	0.125	0
1	78	0.25	0
43	327	0.625	0
250	240	0.125	0
1	171	0.5	0
282	320	0.375	1
1	1	0.25	1
104	97	1.0	0
1	221	1.0	0
1	140	1.0	0
1	124	0.375	0
1	1	0.75	1
142	362	0.625	0
202	425	0.125	0
106	134	0.75	0
144	382	0.125	0
30	10	0.375	0
1	5	1.0	0
1	1	0.875	1
1	24	0.5	0
127	380	0.875	0
123	83	0.625	0
1	380	0.0	0
44	215	0.25	0
1	339	0.125	0
10	1	0.5	1
375	310	0.5	0
1	162	0.625	0
1	61	0.375	0
1	300	0.375	0
1	155	0.625	0
350	1	0.375	1
1	1	0.0	1
1	114	0.125	0
1	1	0.125	1
357	386	0.5	0
216	269	0.75	0
1	275	0.375	0
1	92	0.625	0
1	420	0.875	0
1	35	0.875	0
1	221	0.375	0
230	374	0.875	0
1	237	0.75	0
80	1	0.75	1
212	1	0.125	1
1	267	0.75	0
392	194	1.0	0
19	205	0.0	0
1	171	0.75	0
284	1	0.625	1
313	346	0.25	0
1	289	0.0	0
1	153	0.375	0
1	55	0.5	0
1	1	0.5	1
1	139	0.0	0
1	337	0.75	0
45	1	0.0	1
1	331	0.875	0
66	267	0.0	0
280	354	0.625	0
1	416	0.0	0
203	1	0.125	1
91	421	1.0	0
1	204	0.0	0
195	387	0.625	0
1	171	0.25	0
1	44	0.5	1
1	42	0.5	0
126	265	0.375	0
1	315	0.75	0
245	194	0.625	0
1	78	0.125	0
1	264	0.25	0
370	360	0.5	1
1	163	0.75	0
1	336	0.375	0
1	6	0.0	1
42	1	0.25	1
138	141	1.0	0
1	1	0.125	1
1	263	0.25	0
1	281	0.625	0
1	413	0.75	0
86	411	0.0	0
1	175	1.0	0
405	34	0.75	1
160	1	0.5	1
1	167	0.75	0
29	169	0.375	0
1	328	0.75	0
1	318	0.75	0
1	64	0.375	0
1	49	0.5	0
22	382	0.0	0
1	120	0.75	0
1	1	0.625	1
1	1	0.5	1
1	1	0.0	1
241	390	0.75	0
1	85	0.125	1
1	1	1.0	1
261	1	0.875	1
1	316	0.75	1
373	380	0.5	1
1	66	0.625	0
1	300	0.75	0
242	74	0.125	0
1	348	0.25	0
1	72	0.875	0
34	145	0.625	1
195	87	0.125	0
1	90	0.125	1
1	395	0.625	0
381	1	0.875	1
203	223	0.125	0
42	23	0.125	0
291	132	0.375	0
245	244	0.625	0
1	56	0.125	1
283	338	1.0	1
1	255	0.375	0
1	241	0.5	0
1	396	0.875	0
333	1	0.875	1
1	233	0.625	0
180	158	0.625	0
89	323	0.625	0
409	89	0.75	1
8	150	0.625	0
1	1	0.25	1
56	281	1.0	0
144	152	0.75	1
1	111	0.625	0
1	171	0.5	0
150	230	0.625	1
92	12	0.75	0
23	93	0.125	0
1	371	0.5	0
188	18	0.125	0
245	4	0.625	0
1	1	0.625	1
1	104	0.5	0
43	1	0.5	1
126	119	1.0	0
1	255	0.25	0
86	331	0.625	0
1	193	0.625	0
1	126	0.625	0
1	172	0.375	0
1	231	0.875	0
242	1	0.125	1
172	31	0.75	0
151	57	0.875	0
1	15	0.625	0
1	139	0.625	1
1	50	0.375	0
1	255	0.5	0
161	44	0.0	0
1	375	0.25	0
141	67	0.875	0
1	305	0.5	0
1	295	0.75	1
120	259	0.875	0
25	405	0.625	0
1	1	0.5	1
1	221	0.5	1
407	70	0.75	0
1	46	0.5	0
1	381	0.25	0
1	59	0.375	0
37	304	0.0	0
53	198	0.125	0
266	253	0.625	0
1	1	0.25	1
1	1	0.0	1
1	355	0.625	1
1	264	0.0	0
1	258	0.375	0
156	83	0.625	0
1	412	0.0	0
1	23	0.625	0
1	191	1.0	0
214	366	0.5	0
1	289	0.125	0
1	136	0.875	0
241	90	0.125	0
203	1	1.0	1
1	199	0.0	0
1	222	0.25	0
106	276	0.25	1
1	305	1.0	0
67	415	0.75	0
188	387	0.125	0
30	258	0.75	0
1	144	0.25	0
156	201	0.25	0
1	279	1.0	0
143	350	0.375	0
1	379	1.0	0
1	221	0.75	1
399	302	0.875	0
333	326	0.875	0
1	3	0.75	0
1	156	0.625	0
1	150	0.125	0
1	276	0.0	0
41	1	0.75	1
1	138	0.25	0
67	422	1.0	0
1	270	1.0	0
9	259	0.0	0
1	1	0.125	1
1	180	0.625	0
1	416	0.5	0
44	45	0.5	0
30	391	0.5	0
263	120	0.5	0
1	368	0.875	0
342	237	0.375	0
1	283	0.75	0
1	195	0.5	0
1	403	0.5	0
46	1	0.25	1
316	1	0.5	1
410	1	1.0	1
123	340	0.0	0
1	36	1.0	0
1	13	0.375	0
1	341	0.625	0
1	299	0.375	0
1	193	0.875	0
1	125	1.0	0
1	317	0.625	1
44	349	0.625	0
8	1	0.75	1
226	320	0.75	0
1	389	0.0	0
392	307	0.625	0
170	1	0.625	1
1	51	0.75	0
1	86	0.25	0
3	141	0.25	0
1	399	0.75	0
334	368	0.375	0
1	270	0.875	1
1	1	1.0	1
1	252	1.0	0
1	1	0.875	1
72	426	0.375	0
1	297	0.875	0
207	1	0.125	1
1	48	0.625	0
1	310	0.125	0
68	1	0.25	1
1	169	0.0	0
1	418	0.625	0
1	396	0.0	0
1	42	0.0	0
1	1	0.125	1
1	69	0.125	1
14	11	0.0	1
1	1	0.0	1
1	261	0.25	0
1	411	0.625	0
354	195	0.5	0
8	1	0.625	1
416	241	0.875	0
1	81	1.0	1
1	56	0.125	1
1	343	0.875	0
1	36	0.875	0
139	147	1.0	0
229	90	0.125	0
108	82	0.5	0
1	393	0.75	0
180	1	0.25	1
287	48	0.25	0
1	338	0.125	0
314	33	1.0	0
206	182	0.125	0
1	345	0.875	0
1	1	0.0	0
1	187	0.875	0
1	104	0.125	1
1	305	0.75	0
1	355	0.5	0
238	44	0.875	1
30	65	0.25	0
1	271	0.75	0
382	81	0.75	0
143	417	0.125	0
1	46	1.0	0
1	41	0.0	0
253	107	0.25	0
183	322	0.75	0
139	363	0.625	0
118	369	0.5	0
1	45	0.75	0
1	328	0.875	0
114	221	1.0	0
195	157	0.125	0
430	1	1.0	1
1	272	0.5	0
48	294	0.125	0
226	165	0.75	0
96	430	0.625	0
152	174	0.375	0
27	182	0.0	0
1	294	0.25	0
1	122	0.125	0
32	363	0.75	0
1	113	0.625	0
1	355	0.5	0
350	400	0.375	0
1	327	0.0	0
1	1	0.625	1
1	280	0.0	0
1	221	1.0	0
173	120	1.0	0
240	282	0.375	0
2	419	0.625	0
1	158	0.25	0
283	187	0.75	0
288	213	0.5	0
390	408	0.625	0
1	13	0.5	0
1	93	0.25	0
1	235	0.25	0
1	391	0.125	0
1	193	0.75	0
77	274	0.25	0
1	13	0.75	0
1	231	0.875	0
152	240	0.375	0
78	381	1.0	0
1	46	0.625	0
1	1	0.25	1
24	191	0.75	0
401	179	0.75	0
1	147	0.125	0
1	144	0.875	0
323	87	0.375	0
33	261	0.5	0
1	53	0.25	0
91	256	0.75	1
1	373	0.5	1
1	15	0.5	0
1	158	0.75	0
156	183	0.5	0
1	101	0.125	0
1	280	0.75	0
188	291	0.125	0
1	280	0.75	0
30	266	0.75	0
1	322	0.625	0
184	76	0.625	0
109	1	0.25	1
1	321	0.5	0
197	203	1.0	0
1	107	0.0	0
126	23	0.625	0
1	371	0.0	0
1	248	0.875	0
1	145	0.0	0
367	341	0.5	0
87	347	0.875	0
299	338	1.0	0
1	248	0.75	0
1	351	0.375	1
1	340	0.75	0
117	1	0.0	1
1	272	0.75	0
198	353	0.125	0
276	380	0.25	0
370	122	0.5	0
306	170	0.25	1
1	341	0.75	0
1	328	0.125	0
1	144	0.5	0
1	102	0.25	0
147	64	0.125	1
1	367	0.0	0
1	373	0.375	0
1	240	0.625	0
1	410	0.875	0
1	270	0.75	0
1	314	0.625	0
1	236	0.0	0
284	242	0.375	0
1	415	0.375	0
1	1	0.375	1
416	351	0.875	0
63	24	0.0	1
102	317	0.0	0
177	242	0.0	0
24	201	0.25	0
24	311	0.25	0
145	174	0.25	0
1	316	0.5	0
1	44	1.0	0
369	244	0.5	0
1	90	1.0	0
1	1	0.625	1
203	64	0.75	0
1	334	0.625	0
1	346	0.75	0
1	253	0.25	0
1	1	0.625	1
35	32	0.375	1
230	290	0.875	0
1	279	0.625	0
291	240	0.75	0
296	100	0.25	0
47	1	0.0	1
1	162	0.75	0
24	1	0.375	1
22	397	0.25	0
1	267	0.25	0
9	29	1.0	1
1	1	0.25	1
1	143	0.75	1
30	253	0.25	0
1	88	0.75	0
1	306	0.625	0
93	338	0.125	0
1	387	0.5	0
24	129	0.25	0
1	182	0.5	0
1	249	0.375	0
1	112	0.5	0
1	76	0.125	0
1	231	0.25	0
1	1	0.5	1
1	1	0.625	1
233	25	0.875	0
156	76	0.125	0
1	297	0.25	1
391	70	0.625	0
52	74	0.875	0
1	256	0.875	0
1	212	0.75	0
1	259	0.125	0
37	236	0.75	0
138	227	0.25	0
221	391	0.875	0
1	193	0.625	0
89	275	0.875	0
1	278	0.75	0
202	349	0.75	0
1	366	0.75	0
1	348	0.625	0
1	384	0.5	0
1	14	0.625	0
1	398	0.375	0
1	156	0.375	0
151	336	0.125	0
1	167	0.625	0
170	371	0.25	0
1	154	0.625	0
24	385	0.625	1
24	1	1.0	1
203	1	0.5	1
9	112	0.0	0
1	56	0.5	0
1	380	0.875	0
1	419	0.25	0
9	126	0.25	0
1	319	0.625	0
12	336	0.0	0
69	105	0.125	0
356	240	0.5	0
48	161	1.0	0
206	20	0.75	0
1	87	1.0	0
1	172	0.5	0
202	302	0.125	0
419	1	0.875	1
1	177	1.0	0
43	89	0.875	1
160	89	0.5	0
311	68	0.75	0
141	266	0.5	0
1	165	0.625	0
1	264	0.75	0
1	389	0.25	0
1	2	0.25	0
1	142	0.25	0
1	388	0.625	0
106	207	0.75	0
1	88	0.875	0
1	311	0.625	0
1	384	0.875	0
1	388	0.625	0
123	208	0.75	0
410	225	1.0	0
139	57	0.625	0
88	146	1.0	0
1	370	0.25	0
88	299	0.625	0
1	14	1.0	0
1	16	0.125	1
1	1	0.25	1
1	114	0.375	0
1	271	0.625	0
1	1	1.0	1
1	235	0.0	0
89	244	1.0	1
1	357	0.875	0
29	108	1.0	0
1	1	0.75	1
1	390	0.75	0
114	300	0.5	1
202	294	0.375	0
1	235	0.0	0
36	54	0.625	0
269	24	0.75	0
1	223	0.0	0
1	353	0.5	0
1	422	0.625	0
1	1	0.75	1
224	183	0.25	0
1	421	0.5	0
148	372	0.0	0
1	184	0.5	0
240	1	1.0	1
1	20	0.25	0
1	352	0.75	0
1	163	0.0	1
1	274	0.375	0
296	169	0.25	0
1	286	1.0	0
1	227	1.0	0
1	79	0.625	0
38	30	0.75	0
1	18	0.125	0
216	24	0.375	1
23	347	0.125	0
1	141	0.75	0
58	203	0.5	0
424	203	0.875	0
71	380	1.0	0
1	63	0.375	0
180	406	0.625	0
1	426	0.5	0
1	415	0.625	0
265	202	0.375	0
1	246	0.25	0
104	52	0.125	0
237	92	1.0	1
194	392	0.5	0
1	1	0.375	1
1	15	0.0	0
1	84	0.5	0
1	238	0.625	0
1	1	0.375	1
1	194	1.0	0
331	77	0.625	0
1	336	0.0	0
349	55	1.0	0
1	228	0.25	0
1	146	0.625	0
1	19	0.625	1
220	315	0.375	0
107	73	0.375	0
43	202	0.875	0
1	265	0.25	0
377	74	0.875	0
374	428	0.5	0
417	100	0.875	0
343	125	0.5	0
61	332	0.625	0
1	221	0.625	0
33	302	0.5	0
1	208	0.875	0
1	383	0.625	0
76	273	0.875	0
110	370	0.875	0
188	320	0.125	0
1	1	0.5	1
29	1	0.125	1
1	76	0.625	0
1	182	0.75	0
48	384	0.625	0
1	126	1.0	1
1	413	0.75	0
115	137	0.875	0
1	244	0.5	0
191	357	0.125	0
107	181	0.375	0
1	33	0.25	0
1	428	1.0	1
221	199	0.75	0
337	1	0.5	1
1	57	0.625	0
43	423	0.875	1
1	107	0.25	1
1	347	0.25	0
1	328	0.5	0
1	1	1.0	1
1	384	0.125	0
24	76	1.0	0
1	176	0.875	0
141	404	0.875	0
144	110	1.0	0
189	282	0.125	0
391	132	0.625	0
44	193	0.125	0
143	265	0.5	0
264	390	0.375	0
361	138	0.5	0
202	419	0.75	0
95	117	1.0	0
1	132	1.0	0
1	409	0.625	0
390	165	0.625	0
1	372	0.25	0
1	1	1.0	1
1	25	1.0	0
1	112	0.625	0
88	154	0.375	0
23	353	0.125	0
1	194	1.0	0
56	364	1.0	0
127	76	0.25	1
8	32	0.625	0
1	286	0.25	0
1	1	0.25	1
420	318	0.875	0
1	1	1.0	1
1	116	0.5	0
1	344	0.0	0
258	349	0.375	1
243	167	0.375	0
1	22	1.0	0
293	19	0.25	0
1	90	0.25	0
1	131	0.5	0
194	52	0.375	0
1	343	0.625	0
203	143	0.125	1
1	52	1.0	0
1	363	0.25	0
8	92	1.0	0
108	76	0.625	0
1	1	0.75	1
1	202	0.25	0
1	153	0.75	0
1	100	0.5	0
1	310	0.625	0
1	244	0.875	0
1	291	1.0	0
1	191	0.125	1
1	201	0.25	1
1	73	0.75	0
1	116	0.5	0
50	111	0.25	0
1	106	0.625	0
170	241	0.125	1
1	1	0.875	1
1	1	0.75	1
143	70	0.25	0
1	156	0.125	1
1	100	0.125	0
34	345	0.5	0
273	416	0.25	0
88	89	0.75	1
238	242	0.875	0
43	120	0.25	0
362	53	1.0	0
1	241	0.75	0
175	289	0.875	0
149	274	0.125	0
1	292	0.125	0
1	428	0.625	0
1	179	0.625	0
148	38	0.0	0
30	70	0.25	0
1	151	0.0	1
414	27	0.75	0
145	384	0.25	0
1	402	1.0	0
1	64	0.75	0
53	401	0.25	0
1	183	0.5	0
29	49	0.875	0
160	286	0.875	0
8	46	0.25	0
1	1	0.0	1
308	184	0.375	0
119	146	0.875	0
154	343	0.0	0
317	100	0.5	0
191	311	0.875	0
1	41	1.0	0
1	78	0.125	0
1	195	0.25	0
1	238	0.875	0
1	160	0.5	1
262	303	0.25	0
67	5	0.375	0
1	287	0.25	0
9	158	0.25	0
1	346	1.0	0
1	177	0.75	0
44	302	1.0	0
1	183	0.125	0
1	1	0.75	1
1	332	0.625	0
1	236	0.125	0
91	230	0.75	0
145	290	0.375	0
1	162	0.0	0
1	400	0.375	0
1	173	0.5	0
1	310	0.25	0
92	400	0.5	0
430	1	1.0	1
1	1	0.125	1
1	296	0.875	0
1	2	0.5	0
212	223	0.125	0
290	411	0.875	1
23	275	0.375	0
1	165	0.125	0
1	62	0.625	0
244	324	0.625	0
1	173	0.25	1
346	389	0.625	0
31	385	0.125	0
1	25	0.0	1
317	347	0.375	0
1	329	1.0	0
295	27	0.25	0
1	1	0.0	1
225	257	0.125	0
365	229	1.0	0
1	365	0.875	1
71	237	1.0	0
1	1	0.25	1
1	290	1.0	0
1	304	0.25	0
239	379	0.125	0
88	154	0.125	0
30	341	1.0	0
88	301	1.0	0
1	146	0.75	0
91	305	0.875	0
1	202	0.5	0
201	1	0.125	1
48	346	0.0	0
1	96	0.75	0
1	288	0.25	0
1	1	0.125	1
406	426	0.75	0
28	289	0.25	1
1	410	0.75	0
1	91	0.125	0
210	368	0.75	0
94	88	0.375	1
32	264	0.75	0
1	126	0.5	0
1	66	0.625	0
1	67	0.25	0
1	38	0.375	0
1	82	0.125	0
245	264	0.25	0
155	232	0.0	0
9	245	0.0	0
1	416	0.25	0
10	151	0.25	0
54	358	0.5	1
42	230	0.25	0
1	425	0.875	1
24	170	0.0	0
9	1	0.25	1
1	292	0.875	1
44	57	0.125	0
1	58	0.75	0
30	92	0.75	1
319	29	0.375	0
1	125	1.0	0
4	301	0.25	0
1	174	0.125	0
152	257	0.375	0
359	27	0.625	0
1	1	0.625	1
136	359	0.25	0
1	85	0.25	0
1	97	0.625	0
91	262	0.5	0
429	68	1.0	0
143	147	0.125	0
1	1	0.75	1
429	220	1.0	1
177	425	0.25	0
1	301	0.25	0
47	151	0.875	1
1	132	0.0	0
1	271	0.75	0
1	34	0.125	0
1	1	0.25	1
85	83	0.125	0
21	29	0.0	0
1	277	0.5	0
1	286	0.75	0
1	1	1.0	1
1	184	1.0	0
164	14	0.375	0
1	206	0.625	0
37	1	0.875	1
1	220	1.0	0
132	182	0.5	0
1	169	0.125	0
123	1	0.0	1
143	199	0.25	0
1	119	0.25	0
1	411	0.5	0
1	266	0.75	0
77	292	0.25	0
273	22	1.0	0
1	127	0.0	0
84	41	0.0	1
1	218	0.625	0
1	362	0.375	0
1	359	1.0	0
133	30	0.875	0
1	1	0.625	1
289	138	0.25	0
1	412	0.125	0
1	347	1.0	0
1	185	0.75	0
1	73	0.375	0
16	287	0.625	0
1	119	0.625	1
106	263	0.75	0
1	132	0.625	0
1	372	1.0	0
363	198	0.5	0
277	158	1.0	0
1	427	0.0	0
1	102	0.5	0
1	138	0.625	0
1	75	0.0	0
1	45	0.625	0
23	382	0.125	0
1	192	0.875	0
1	233	0.75	0
1	259	0.25	0
1	422	0.875	0
1	68	1.0	0
1	42	0.125	0
346	427	1.0	1
29	82	0.375	0
200	414	1.0	0
116	248	0.5	0
1	199	0.75	0
51	380	0.125	0
1	333	0.125	0
301	84	0.75	0
413	199	0.75	0
30	126	0.125	0
288	422	0.5	0
1	219	0.125	0
1	161	0.875	0
1	86	0.0	0
1	341	0.125	0
1	267	0.25	0
1	330	0.75	0
186	236	0.75	0
37	96	1.0	0
1	278	0.625	1
107	141	0.0	0
261	329	0.75	0
1	11	0.25	0
1	233	1.0	0
1	336	0.875	0
190	333	0.375	1
139	322	0.125	0
43	327	0.875	0
1	156	0.75	0
63	417	0.375	0
107	1	0.875	1
43	287	0.375	1
1	217	0.625	0
1	257	0.25	1
214	47	0.125	0
200	92	0.125	0
128	264	0.0	0
1	268	0.25	0
1	199	0.5	0
280	351	1.0	0
13	294	0.5	0
150	288	0.5	1
386	92	1.0	0
1	1	0.875	1
1	350	0.25	0
17	1	0.0	1
259	185	1.0	0
42	81	0.375	0
1	411	0.625	0
1	1	0.25	1
44	65	0.375	1
1	195	0.5	0
1	112	0.25	1
1	38	0.75	0
95	202	1.0	0
1	105	1.0	0
176	235	1.0	1
354	1	0.5	1
125	53	0.0	0
1	363	0.5	0
213	216	0.125	0
1	405	0.875	0
1	241	0.125	0
229	227	0.5	0
211	378	0.125	0
24	145	1.0	0
1	7	0.75	0
1	264	0.75	0
1	1	0.0	1
34	2	0.75	0
1	333	1.0	1
43	82	0.0	1
1	366	1.0	0
1	340	0.5	0
1	17	0.625	0
1	89	0.375	0
246	1	1.0	1
225	393	0.75	0
1	141	0.75	0
1	275	0.5	0
227	229	0.5	0
1	67	1.0	0
139	15	0.625	0
120	1	0.875	1
1	403	0.625	0
1	5	0.875	0
1	92	0.375	0
1	132	0.0	0
127	131	0.5	0
30	310	0.0	0
1	1	0.125	1
1	277	0.875	0
1	172	0.875	0
1	419	0.125	0
1	336	0.0	0
1	325	1.0	0
1	188	0.25	0
44	346	0.375	0
1	104	0.5	1
30	366	0.125	0
12	1	0.0	1
1	251	0.75	0
247	248	0.5	0
1	340	0.5	0
139	258	0.375	0
143	386	0.125	0
1	1	0.5	1
1	101	0.875	0
1	318	0.5	0
1	394	0.375	0
1	1	0.0	1
1	315	0.375	0
1	300	0.125	0
320	304	0.375	0
1	216	1.0	0
250	324	0.625	0
91	77	1.0	0
402	66	0.75	0
1	213	0.5	0
1	86	0.25	0
91	343	0.75	0
1	142	0.125	1
1	259	0.625	0
1	107	0.125	0
1	260	0.875	1
1	189	0.625	0
47	398	0.75	0
29	316	0.875	0
1	10	0.625	0
1	179	0.375	0
41	145	0.125	0
152	22	0.875	0
1	228	0.0	0
24	91	0.125	0
132	299	0.5	0
1	45	1.0	0
1	122	0.875	0
1	83	0.5	0
31	195	0.125	0
278	353	0.375	0
1	123	0.25	1
396	391	0.625	0
43	271	0.25	0
1	8	0.5	0
414	1	0.75	1
1	96	0.75	0
1	134	0.125	0
1	7	0.25	0
242	167	0.125	0
425	362	0.875	0
1	348	0.125	0
1	131	0.25	0
160	14	0.875	0
1	245	0.375	1
1	399	0.75	0
18	106	1.0	0
1	290	0.5	1
1	350	0.625	0
1	8	0.125	0
390	361	0.625	0
339	177	0.375	0
1	1	0.75	1
231	185	0.75	0
1	376	0.75	0
56	1	0.5	1
1	172	1.0	0
114	1	1.0	1
1	30	0.5	1
16	149	0.625	0
220	267	0.875	1
91	187	0.75	0
80	10	0.75	0
1	215	0.375	0
1	382	0.25	0
1	326	0.875	0
1	402	0.5	0
1	1	0.0	1
1	228	0.75	0
38	93	0.25	0
1	417	0.0	0
92	70	0.625	0
1	66	0.625	0
1	1	1.0	1
1	30	0.375	1
101	74	0.0	0
1	81	0.25	0
1	45	0.75	0
1	80	0.75	0
1	92	0.0	1
83	206	0.125	1
394	131	0.875	0
1	134	0.0	0
380	129	0.5	0
1	219	0.125	0
1	238	0.375	1
1	351	0.875	0
1	351	0.875	0
229	218	0.5	0
407	159	0.75	0
369	89	0.5	0
1	359	0.375	0
42	67	1.0	0
295	421	1.0	0
182	3	0.0	0
1	111	0.5	0
1	241	0.75	0
1	195	0.25	0
1	344	0.5	0
1	70	0.5	0
1	348	0.25	0
79	351	0.0	0
1	327	0.875	1
67	123	1.0	0
1	345	0.375	0
1	1	0.5	1
1	158	0.5	0
1	228	1.0	0
1	34	0.25	0
1	220	0.375	0
287	233	0.625	0
1	158	0.125	0
180	41	0.0	0
1	311	0.25	0
1	43	0.125	1
1	87	0.625	0
1	247	0.75	0
1	4	0.0	0
1	49	1.0	0
405	14	0.75	0
1	390	0.25	0
1	28	0.75	0
1	296	0.875	0
152	91	0.875	1
36	125	0.625	0
417	1	0.875	1
1	232	0.125	0
300	150	0.5	1
1	1	0.5	1
1	279	0.625	1
1	330	0.25	0
231	1	0.25	1
1	361	0.125	0
1	57	0.25	0
1	268	0.375	0
1	260	0.875	0
1	104	0.0	0
1	210	0.625	0
1	56	0.375	0
1	79	0.0	0
44	77	0.25	0
372	275	0.5	0
1	208	0.125	0
30	392	0.375	0
41	169	0.75	0
153	203	0.5	0
160	1	0.0	1
1	1	0.0	1
23	175	0.25	0
1	145	0.0	0
207	213	0.125	1
127	360	0.875	0
91	377	0.5	0
1	256	0.375	0
245	1	0.625	1
1	236	0.625	0
1	187	0.75	0
1	36	0.125	0
1	218	0.875	0
1	1	0.625	1
1	73	0.125	0
8	375	0.75	0
313	363	0.25	0
207	108	0.125	0
115	269	0.875	0
1	212	0.25	0
1	183	0.25	0
376	126	0.5	0
350	325	0.375	0
59	261	0.5	1
371	67	0.75	0
1	370	0.25	0
1	1	0.75	1
351	325	1.0	0
1	77	0.5	0
1	415	0.375	0
403	265	0.75	0
1	268	0.625	0
30	328	0.125	0
118	155	0.5	0
1	398	0.125	0
104	319	0.875	0
305	111	0.625	0
1	168	0.375	0
38	69	0.75	0
1	208	0.125	0
1	238	0.125	0
1	30	0.5	1
1	388	0.625	0
32	39	0.0	0
1	25	0.75	0
1	372	0.375	0
1	93	0.5	0
311	239	0.375	0
1	4	0.75	0
1	291	0.125	0
1	152	0.625	0
302	387	0.875	0
1	43	0.125	0
1	129	1.0	0
349	197	0.375	0
354	358	0.5	1
1	85	0.0	1
1	333	0.875	0
149	81	0.625	0
35	248	1.0	0
1	213	0.75	0
1	236	1.0	0
1	109	0.0	0
191	88	0.875	1
1	423	0.375	0
1	262	0.25	0
269	130	0.75	0
54	277	0.0	0
89	252	0.25	0
1	286	0.875	0
48	163	0.5	0
120	225	0.0	0
1	194	0.125	0
1	17	0.0	0
91	1	1.0	1
1	56	0.875	0
23	75	0.125	0
397	141	0.625	0
37	12	0.0	0
1	94	0.375	0
33	7	0.375	0
1	154	0.625	0
1	311	1.0	0
1	220	0.0	0
103	77	0.0	0
1	407	0.5	0
1	325	0.875	0
1	232	0.5	0
162	1	0.25	1
1	99	0.125	0
367	101	0.625	0
1	241	1.0	0
1	1	1.0	1
229	25	0.25	0
1	23	0.25	0
143	427	0.375	0
1	189	0.0	0
350	316	0.625	0
294	139	1.0	0
1	244	0.125	0
1	1	0.0	1
88	88	0.125	1
371	12	0.75	0
1	1	0.125	1
1	101	0.25	0
1	174	0.375	1
159	348	0.0	0
44	91	0.0	0
53	130	1.0	0
140	380	0.0	0
1	374	0.75	0
52	99	0.875	0
1	268	0.625	0
317	49	0.5	0
284	342	0.375	0
76	44	1.0	0
23	266	0.625	0
1	36	0.375	0
1	255	0.125	0
245	427	0.5	0
1	129	0.125	0
1	386	0.0	0
85	153	0.125	0
317	114	0.625	0
24	1	0.75	1
1	14	0.75	0
1	69	0.75	0
164	38	0.875	0
1	186	0.25	0
1	212	0.5	0
77	1	0.25	1
383	307	0.5	0
1	223	0.25	0
1	122	0.5	0
29	21	0.0	1
124	155	1.0	0
58	216	0.5	0
220	358	0.625	0
1	89	0.0	0
159	1	0.0	1
225	274	1.0	0
139	21	0.75	0
1	194	0.25	0
139	326	1.0	0
44	202	0.875	0
230	288	0.25	0
24	82	0.25	0
53	131	0.75	0
32	34	0.25	0
1	359	0.625	0
393	357	0.625	0
1	227	0.875	0
1	30	0.125	1
103	238	0.0	0
1	1	0.25	1
1	421	0.0	0
1	1	0.625	1
196	111	0.25	0
1	1	0.625	1
89	237	1.0	0
335	193	1.0	0
1	165	0.75	0
285	380	0.5	0
1	346	0.625	0
49	121	0.25	0
1	195	0.0	0
287	55	0.75	0
420	25	0.875	0
224	177	0.375	0
150	234	0.875	0
1	1	0.625	1
369	244	0.875	0
26	1	0.0	1
153	327	0.5	0
55	91	0.75	1
1	18	0.375	0
30	404	0.125	0
9	322	0.25	0
1	1	0.125	1
1	337	0.0	0
177	215	0.75	0
1	84	0.625	0
1	1	0.0	1
1	1	0.25	1
1	119	0.25	0
1	385	0.0	0
1	104	0.75	0
1	117	1.0	0
1	1	0.875	1
8	61	0.125	0
1	368	0.0	0
196	172	0.125	0
203	298	0.25	0
189	405	0.125	0
1	424	0.5	0
1	352	0.0	0
295	273	0.75	0
1	56	0.25	0
1	190	1.0	0
191	252	0.875	0
1	58	0.5	0
107	343	0.125	0
179	408	0.875	0
1	401	0.625	0
1	132	0.0	0
1	96	1.0	0
305	262	1.0	0
1	197	1.0	0
1	319	0.875	0
322	254	0.375	0
1	129	0.0	1
1	32	0.5	0
1	71	0.5	0
1	1	0.125	1
1	40	0.125	0
1	246	0.75	0
1	61	0.5	0
1	184	0.375	0
1	283	0.875	0
24	81	0.75	1
106	30	0.25	1
1	201	0.125	1
1	259	0.75	0
1	1	0.625	1
1	8	0.75	0
1	143	0.875	0
1	430	1.0	1
300	42	0.5	0
1	225	0.75	0
234	351	0.875	0
12	1	1.0	1
1	30	0.5	0
1	364	0.0	0
1	32	0.125	0
1	1	0.5	1
1	321	0.75	0
206	353	0.125	0
1	388	0.0	0
1	37	1.0	0
20	11	0.625	0
1	130	0.375	0
1	414	1.0	0
1	138	0.75	0
260	9	0.125	0
88	308	0.375	0
1	1	0.5	1
151	67	0.125	0
153	266	0.5	0
1	1	0.625	1
1	385	0.875	0
1	224	0.75	0
1	88	0.125	1
1	38	1.0	0
1	352	1.0	0
63	328	0.0	0
419	375	0.875	0
1	112	0.125	0
206	382	0.125	0
50	310	0.25	0
1	167	0.25	0
1	256	0.5	0
253	374	0.5	0
1	165	0.5	0
143	377	0.375	0
1	262	0.75	0
1	335	0.5	0
8	313	0.375	0
1	151	0.875	0
150	231	0.5	0
319	1	0.375	1
394	137	0.625	0
1	63	0.125	0
145	12	0.75	0
30	245	0.25	0
244	413	0.625	0
1	369	0.5	0
36	155	1.0	0
1	122	0.75	0
1	116	0.0	0
1	25	0.125	0
249	274	0.125	0
1	55	0.125	0
1	408	0.375	0
92	114	0.875	0
1	302	0.25	0
1	1	0.25	0
1	106	0.0	0
130	358	0.25	0
1	329	0.125	0
345	280	0.75	0
32	395	0.875	0
99	1	0.875	1
115	184	0.875	0
1	103	0.375	0
1	404	0.25	0
74	277	0.0	0
320	159	0.375	0
1	332	0.375	0
1	38	1.0	0
47	152	0.75	0
1	391	0.625	0
29	1	1.0	1
323	317	0.375	0
1	392	0.375	0
196	208	0.125	0
43	235	0.375	0
1	1	0.125	1
1	1	0.0	1
62	130	0.125	0
144	430	0.625	0
1	193	0.875	0
1	359	1.0	0
1	211	0.75	0
1	163	0.625	0
317	407	0.375	0
1	1	0.75	1
1	1	0.625	1
157	1	0.375	1
245	343	0.375	1
1	327	0.625	0
67	242	0.75	0
18	414	0.0	0
1	1	0.625	1
1	146	0.125	0
29	31	1.0	0
1	430	0.875	0
176	412	0.5	0
1	207	1.0	1
138	387	0.875	0
428	363	1.0	0
59	261	0.5	0
1	360	0.375	0
101	338	0.875	0
298	66	0.375	0
128	362	0.625	0
1	160	0.75	0
1	390	0.5	0
1	280	0.0	0
350	302	0.625	0
208	23	0.125	1
59	392	0.0	0
16	1	0.5	1
32	108	0.75	0
36	199	0.625	0
230	219	0.75	0
205	209	0.75	0
1	388	0.25	0
103	343	0.0	0
387	275	0.625	0
1	9	0.875	0
1	367	1.0	0
188	26	0.125	0
1	320	0.875	0
1	369	0.125	0
1	28	0.25	0
1	82	0.625	0
359	53	0.5	1
143	1	0.625	1
1	279	0.75	0
1	132	0.5	1
1	407	0.875	0
214	286	0.5	0
1	276	0.75	0
86	425	0.125	0
1	413	0.125	0
304	56	0.375	0
1	248	1.0	0
1	406	0.25	0
428	1	1.0	1
375	279	0.5	0
1	41	1.0	1
1	266	0.875	0
205	1	0.125	1
88	24	0.875	0
32	238	0.875	0
1	21	0.125	0
1	399	0.875	0
1	244	0.0	0
1	309	1.0	0
45	406	0.875	0
188	129	0.125	0
132	44	0.5	0
1	60	0.375	0
1	337	0.125	0
79	38	0.0	0
120	105	0.125	0
1	73	1.0	0
423	8	0.875	0
1	9	0.5	0
1	226	0.625	0
44	173	0.5	0
1	12	0.25	0
132	72	0.0	0
1	332	0.75	0
111	385	0.625	0
36	297	0.5	0
199	299	0.75	0
1	274	0.75	0
280	296	1.0	0
30	399	0.125	0
324	385	1.0	0
262	61	0.125	0
1	257	0.625	0
82	297	0.0	0
1	225	0.375	0
298	1	0.625	1
204	335	0.5	0
226	1	0.5	1
418	328	0.875	0
61	46	0.625	0
1	118	0.5	0
1	105	0.75	0
25	1	0.625	1
88	391	0.625	0
1	1	0.25	1
136	80	0.75	0
1	101	1.0	0
357	294	0.5	0
334	291	0.5	0
63	162	0.0	0
282	88	0.25	0
178	70	0.875	0
1	221	0.875	0
1	1	0.625	1
44	31	0.5	0
1	191	0.25	0
1	345	0.625	0
1	310	0.625	0
123	24	0.25	1
220	344	0.625	0
1	41	0.5	0
1	364	0.375	0
1	401	0.75	1
1	403	0.5	0
36	413	0.0	0
252	266	0.625	1
1	401	0.875	0
1	354	0.75	0
1	125	0.5	0
143	256	0.75	0
1	165	0.0	0
186	156	0.75	0
183	397	0.125	0
1	62	0.0	1
132	368	0.5	0
58	238	0.5	0
374	310	1.0	0
9	161	1.0	0
283	54	1.0	0
1	1	0.625	1
393	106	1.0	0
1	63	0.5	0
251	23	0.625	0
9	4	0.5	0
16	334	0.625	0
1	184	0.5	0
1	1	0.375	1
101	1	0.75	1
1	202	0.75	1
310	234	1.0	0
30	116	0.75	0
1	12	0.875	0
1	395	0.25	0
1	399	1.0	0
1	198	1.0	0
1	382	0.875	0
51	37	0.375	0
1	319	0.25	0
1	167	0.0	0
1	196	0.125	0
1	371	0.875	0
129	365	0.0	0
1	400	0.75	0
1	221	0.125	0
1	313	0.625	0
32	160	0.0	0
242	78	0.125	0
1	53	0.75	1
1	37	0.0	1
1	343	0.625	0
1	125	0.625	0
371	343	0.75	0
8	413	0.125	0
32	217	0.375	0
142	1	0.875	1
1	1	0.0	1
1	1	0.75	1
21	144	0.0	0
54	367	0.75	0
1	367	0.125	0
168	47	0.875	1
1	93	0.125	0
1	347	0.875	0
54	43	0.375	0
16	251	1.0	0
1	290	0.625	0
1	151	0.75	0
357	386	0.5	0
203	48	0.75	0
147	98	0.125	0
1	327	0.625	0
1	280	0.0	0
1	55	0.625	0
1	334	1.0	0
36	277	0.625	0
30	224	0.875	0
45	420	0.25	0
1	339	0.375	0
398	86	0.625	0
324	72	0.375	1
1	278	0.5	0
311	262	0.25	0
1	244	1.0	0
1	89	0.625	1
1	377	0.875	0
1	1	0.625	1
1	1	0.5	1
30	58	0.125	0
191	363	0.125	0
1	413	0.25	0
1	419	0.875	0
80	1	0.75	1
160	180	0.75	0
23	143	0.125	1
369	411	0.875	1
1	254	0.875	0
1	370	0.5	0
34	167	0.75	0
203	238	0.25	0
298	147	0.25	0
170	1	0.25	1
1	162	0.5	0
1	161	0.125	0
88	176	1.0	0
86	186	0.5	0
324	228	1.0	0
341	31	0.875	1
289	206	0.25	0
1	217	0.75	0
221	340	0.5	0
1	27	0.75	0
1	192	0.875	0
9	293	1.0	0
1	368	0.125	0
106	1	0.0	1
1	169	1.0	0
1	193	0.5	0
1	202	0.75	0
106	1	0.0	1
1	167	0.0	0
300	6	0.5	0
1	161	0.125	0
1	1	0.5	1
41	347	1.0	0
1	134	0.0	0
211	36	0.625	0
1	297	0.625	0
1	343	0.0	0
1	113	0.125	0
1	70	0.25	0
1	420	1.0	0
1	426	0.75	0
1	48	0.125	0
30	137	0.625	0
251	131	1.0	0
1	1	0.5	1
28	289	1.0	0
24	369	0.75	0
1	1	0.5	1
1	150	0.75	0
48	1	0.25	1
311	1	0.5	1
323	116	0.5	0
169	144	0.375	0
326	320	0.375	0
1	192	0.25	0
1	416	0.25	0
409	1	0.75	1
1	221	0.0	0
1	405	0.25	0
1	1	0.625	1
1	396	0.25	0
110	283	0.75	0
1	255	0.375	0
1	191	0.75	0
95	391	1.0	0
411	314	0.875	0
1	160	0.625	0
1	132	0.625	0
1	301	0.5	0
149	1	0.25	1
1	253	0.25	0
88	139	0.625	1
1	1	0.5	1
19	236	0.25	0
72	100	0.375	0
67	278	0.375	1
326	274	0.375	0
1	237	0.75	0
323	1	0.5	1
143	171	0.125	0
1	222	0.125	0
142	67	0.125	0
46	18	0.25	0
66	202	0.75	0
321	209	0.375	0
1	265	0.125	0
1	422	0.875	0
170	52	1.0	0
1	399	0.75	0
29	1	0.125	1
88	259	0.75	0
1	412	0.25	0
144	255	0.0	0
127	160	0.5	1
1	377	1.0	0
154	44	0.875	0
406	24	0.75	0
69	184	0.25	0
1	293	0.125	0
1	53	0.5	0
223	1	0.125	1
206	330	0.125	0
358	407	0.5	0
219	343	0.25	0
1	1	0.125	1
1	3	1.0	0
222	134	0.75	0
301	1	0.25	1
61	322	0.625	0
1	398	0.25	0
30	61	0.0	0
1	1	0.625	1
107	143	0.0	0
1	165	0.0	0
427	280	1.0	1
1	2	0.5	0
77	68	0.25	0
1	52	0.25	0
24	1	0.75	1
73	91	1.0	0
67	232	0.75	0
328	330	0.5	0
184	287	0.75	0
1	163	0.375	0
329	203	0.375	0
1	1	1.0	1
1	220	0.5	0
1	63	0.625	0
1	159	0.0	0
1	322	0.75	0
1	94	0.375	0
244	210	0.625	0
107	85	1.0	0
241	200	0.125	0
203	183	0.625	0
239	426	0.75	0
172	1	0.25	1
1	160	0.5	0
260	429	0.25	0
1	408	0.25	0
1	430	0.375	0
1	427	0.875	0
1	131	0.25	0
1	43	0.25	0
89	123	0.25	0
1	377	0.625	0
1	97	0.75	0
117	179	0.0	0
61	293	0.375	1
91	1	0.625	1
1	394	0.625	0
21	358	0.0	0
385	366	0.625	0
295	1	0.5	1
1	5	0.625	0
175	387	0.875	0
190	89	0.125	0
1	308	0.25	0
1	239	0.75	0
1	67	0.75	1
348	330	0.5	0
1	344	0.5	0
34	401	0.625	0
202	1	1.0	1
258	320	1.0	0
199	180	0.125	0
89	117	0.375	0
1	140	0.875	0
1	270	0.875	0
105	223	1.0	0
1	126	1.0	0
1	178	1.0	0
1	137	1.0	0
1	132	0.75	0
99	1	0.25	1
226	9	0.75	0
350	6	0.625	0
1	301	0.375	0
1	428	0.0	0
29	3	0.875	0
1	49	0.5	0
423	60	0.875	0
1	352	0.75	0
1	358	0.625	0
1	24	1.0	0
139	333	1.0	0
1	332	0.5	0
1	348	0.5	0
52	374	0.875	0
1	1	0.75	1
89	178	0.0	0
1	429	0.25	0
230	107	0.125	1
1	42	0.125	0
1	413	0.0	0
99	357	0.0	0
150	119	0.25	0
98	1	0.125	1
118	200	0.125	0
53	262	0.25	0
215	139	0.375	1
1	20	0.75	0
8	67	0.125	0
1	121	0.375	0
1	123	1.0	0
1	242	0.875	0
67	302	1.0	0
85	205	0.125	0
184	240	0.25	0
23	189	0.125	0
1	118	0.5	1
23	129	0.375	0
30	29	0.75	0
1	1	0.375	1
1	307	0.125	0
1	428	0.0	0
1	343	0.625	1
1	229	1.0	0
1	46	0.5	0
1	122	0.125	0
1	1	0.5	1
1	175	0.875	0
1	426	1.0	0
282	292	0.75	0
299	92	1.0	0
1	214	0.75	0
89	345	0.625	0
1	15	0.75	0
245	196	0.625	0
1	86	0.5	0
70	105	0.625	0
1	88	0.375	1
1	20	0.125	0
203	162	0.375	0
1	283	0.25	0
88	43	0.25	0
1	117	0.625	0
1	120	0.75	0
341	211	0.875	0
150	393	0.625	1
241	359	0.375	0
1	51	0.625	0
181	195	0.125	0
1	262	0.875	0
1	282	0.75	1
179	89	0.0	0
266	45	0.625	0
136	28	0.25	0
1	274	0.125	0
1	85	0.625	0
1	329	0.875	0
107	110	0.5	0
80	1	0.375	1
44	9	0.25	0
1	61	0.125	0
283	72	0.25	0
1	429	0.625	0
1	155	0.75	0
137	48	0.0	0
87	127	0.125	0
170	43	0.25	0
228	416	0.125	0
16	41	0.625	0
1	191	0.5	0
1	1	0.625	1
1	194	0.875	0
141	1	0.5	1
91	40	0.625	0
407	129	0.75	0
1	38	0.625	0
288	225	1.0	0
179	270	0.375	0
1	117	0.125	0
1	242	0.5	0
263	89	0.5	0
1	1	0.75	1
340	61	0.375	0
1	1	1.0	1
1	32	0.0	0
253	1	0.125	1
249	125	0.125	0
1	133	0.25	0
1	254	1.0	0
139	160	1.0	0
48	294	0.25	1
1	16	0.625	0
1	213	0.375	0
1	395	1.0	0
151	170	0.875	0
1	345	0.375	0
1	16	0.5	0
1	1	0.75	1
249	77	0.125	0
1	1	0.125	1
1	16	0.5	0
289	259	0.25	1
1	197	0.875	0
1	409	0.25	0
47	352	0.75	1
1	351	0.375	0
300	332	1.0	0
1	1	0.375	1
1	126	0.875	0
1	370	0.75	0
1	325	0.375	0
1	429	0.375	0
251	206	1.0	0
1	262	0.375	0
329	156	0.5	0
161	342	0.0	0
360	274	0.875	0
398	146	0.625	0
1	200	0.125	0
1	1	0.0	1
1	243	0.5	0
1	334	0.125	0
127	44	0.375	1
296	1	0.25	1
8	256	0.0	0
1	325	0.0	0
1	205	0.25	0
206	378	0.75	0
123	135	0.0	0
1	250	0.625	0
1	84	1.0	0
80	313	0.75	0
1	69	0.75	0
173	218	1.0	0
122	247	0.375	0
220	244	0.375	0
1	158	0.625	0
1	99	0.625	0
1	230	0.0	0
300	216	0.75	0
23	139	0.25	0
123	44	0.625	1
264	144	0.375	0
152	400	0.25	0
16	373	0.125	0
1	153	0.125	0
1	265	0.0	0
139	404	1.0	0
1	349	0.625	0
223	132	0.125	0
1	306	0.625	0
1	2	0.5	0
1	154	0.75	0
1	276	1.0	0
1	371	0.875	0
360	279	0.875	0
1	54	0.75	1
88	35	0.25	0
1	37	0.125	0
1	81	0.75	0
1	338	0.75	0
224	262	0.375	0
1	127	0.625	0
1	392	0.25	0
53	18	0.75	0
44	253	0.75	0
1	421	0.75	0
179	422	0.375	0
1	291	1.0	0
30	328	1.0	0
1	315	0.5	0
1	8	0.125	1
73	168	0.625	0
1	388	0.25	0
1	271	0.75	0
377	36	0.875	0
1	91	0.0	0
1	1	0.375	1
140	281	0.125	0
1	351	1.0	0
72	183	0.375	0
1	348	0.875	0
376	139	0.625	0
1	330	0.5	0
1	332	0.625	0
1	275	0.5	0
1	104	0.5	0
139	338	0.625	0
214	152	0.875	0
1	428	0.625	0
1	105	0.125	0
1	353	0.375	0
1	1	0.0	1
1	34	0.75	1
1	176	0.0	0
226	1	0.75	1
120	98	0.875	0
184	378	0.625	0
203	62	0.75	0
1	1	0.625	1
107	24	0.0	0
264	98	0.5	0
165	140	0.625	0
1	117	0.25	0
201	147	0.875	0
1	255	0.625	0
1	136	0.625	0
1	1	0.125	1
1	1	1.0	1
1	430	0.5	0
32	272	0.125	0
1	376	0.75	0
160	244	0.875	0
309	1	0.25	1
1	25	0.25	0
1	207	0.375	0
1	312	0.75	0
370	105	0.5	0
17	427	0.125	0
1	86	0.625	0
55	190	0.125	1
1	404	0.25	0
1	86	0.0	0
1	180	0.125	0
43	56	0.25	0
1	1	0.375	1
1	260	0.25	0
391	170	0.625	0
1	264	0.125	0
105	166	0.125	0
1	335	0.75	0
263	308	0.5	0
1	302	0.75	0
107	1	0.0	1
1	17	0.375	0
103	14	0.0	1
148	32	0.125	1
257	414	0.625	0
347	271	0.875	0
1	286	0.75	0
325	252	1.0	0
362	216	0.5	0
273	24	0.625	0
1	363	0.625	0
250	129	0.5	0
1	45	0.25	1
1	249	0.75	0
1	200	1.0	0
206	122	0.75	0
1	186	0.5	0
67	344	0.375	0
133	338	0.25	0
1	234	0.5	0
1	361	0.25	0
190	383	0.125	0
24	1	0.25	1
1	403	0.375	0
422	1	0.875	1
23	36	1.0	0
1	147	0.375	0
1	1	0.625	1
1	41	0.75	0
1	286	0.25	0
253	75	0.625	0
330	108	0.625	0
1	47	0.5	0
313	228	0.25	0
376	248	0.5	0
1	260	0.125	0
1	292	0.75	0
47	396	0.875	0
1	99	0.75	0
1	395	0.0	0
369	429	0.5	0
1	1	1.0	1
1	23	1.0	0
1	283	0.375	0
1	297	0.625	0
157	175	0.0	0
271	273	1.0	0
1	326	0.5	0
1	42	1.0	0
1	26	0.5	0
1	79	0.0	1
1	1	0.25	1
184	372	0.75	1
1	261	0.0	0
194	205	0.375	0
8	246	0.25	0
170	1	0.0	1
245	113	0.625	0
123	1	0.875	1
41	1	0.75	1
10	1	0.75	1
125	126	0.0	1
1	318	0.25	0
1	1	0.75	1
1	321	0.125	0
139	251	1.0	0
1	372	0.5	0
199	387	0.125	0
356	114	0.5	0
1	170	0.625	1
1	214	0.5	1
1	253	0.5	0
1	296	0.875	0
1	147	0.5	0
1	161	0.25	0
23	316	0.75	0
43	403	0.125	0
354	46	0.5	0
74	219	0.625	0
229	109	1.0	0
30	51	0.125	0
1	29	0.875	1
1	45	0.75	1
244	397	0.625	0
1	33	0.125	0
1	256	0.625	0
155	304	0.125	0
19	378	0.875	0
1	368	0.5	0
1	381	0.125	0
1	278	0.75	0
32	8	0.0	1
43	392	0.5	0
266	55	0.625	0
71	342	1.0	0
1	213	0.5	0
53	74	0.25	0
310	94	1.0	0
1	118	0.5	0
306	244	0.25	0
1	427	0.75	0
79	1	0.5	1
160	418	0.0	0
1	272	0.625	0
88	88	0.75	1
1	429	0.125	0
201	59	0.25	0
1	218	0.0	0
1	372	1.0	0
1	290	0.625	0
1	162	0.5	0
1	1	1.0	1
214	421	0.875	1
1	1	0.875	1
272	266	0.625	1
373	423	0.5	0
1	32	0.375	0
1	1	0.25	1
88	240	0.125	0
1	136	0.375	0
1	28	0.625	0
94	129	0.5	0
1	281	0.75	0
1	221	0.75	0
1	86	0.0	0
194	142	0.875	0
167	384	0.625	1
1	321	1.0	0
44	207	0.0	0
1	370	0.75	0
390	123	0.625	0
1	416	1.0	0
19	175	0.0	1
1	399	0.375	0
1	1	0.75	1
349	175	0.875	0
120	267	0.0	0
1	35	0.75	0
95	376	1.0	0
1	227	0.25	0
183	304	0.875	0
1	386	0.75	0
230	138	0.25	0
1	10	0.375	0
1	164	0.125	0
1	1	0.75	1
1	236	0.5	1
258	276	0.125	0
1	146	0.75	0
1	26	1.0	0
242	295	0.125	0
417	386	0.875	0
67	88	0.0	0
143	336	0.625	0
153	286	0.375	0
73	43	1.0	0
1	204	0.5	0
1	77	1.0	0
1	365	0.375	0
1	1	0.875	1
17	2	0.0	1
76	405	0.0	0
151	394	0.75	0
247	278	1.0	0
215	144	0.375	0
207	194	1.0	0
40	396	0.625	0
330	1	0.375	1
35	146	1.0	0
1	336	0.375	0
1	44	0.75	0
1	154	0.5	0
88	25	0.75	0
1	240	0.375	1
34	158	0.625	0
1	32	1.0	0
89	360	0.875	1
353	1	0.5	1
95	121	0.0	0
1	86	0.875	0
89	330	0.25	0
417	18	0.875	0
1	141	0.875	0
115	257	0.875	0
53	40	0.5	0
1	125	1.0	0
1	256	0.25	0
404	1	0.75	1
139	164	0.5	0
110	381	0.75	0
1	22	0.125	0
1	429	0.25	0
1	126	0.375	0
1	91	0.375	0
42	172	0.375	0
260	297	0.25	1
419	310	1.0	1
21	1	0.0	1
1	208	0.875	0
373	1	0.5	1
1	251	0.5	0
37	92	0.0	1
1	354	1.0	0
41	43	0.125	0
170	426	0.625	0
1	108	0.625	0
47	377	0.875	0
419	145	0.875	0
286	356	0.75	0
1	120	0.0	0
393	249	0.625	0
1	72	0.5	0
1	200	0.25	0
1	1	0.125	1
107	369	0.875	1
178	14	0.0	0
1	1	0.5	1
168	1	0.625	1
1	161	0.125	0
246	418	0.5	0
272	313	0.25	1
1	198	0.625	0
1	48	1.0	0
1	3	0.0	0
194	143	0.625	0
1	329	1.0	0
26	172	0.375	0
286	7	0.75	0
1	39	0.125	0
54	426	0.375	0
1	82	0.75	0
1	191	0.5	0
1	10	0.5	0
334	20	0.375	0
1	262	0.875	0
1	21	1.0	0
304	83	1.0	0
245	227	1.0	0
1	290	0.75	0
43	268	0.0	0
1	236	0.25	0
343	426	0.625	0
19	283	0.75	0
429	129	1.0	0
1	237	0.0	0
1	1	1.0	1
397	258	0.625	0
1	94	0.625	0
1	430	0.625	0
1	280	0.75	0
1	1	0.0	1
130	43	0.25	1
424	35	0.875	0
1	218	0.625	0
409	361	0.75	0
84	147	0.125	1
72	33	0.375	0
1	44	0.125	0
1	75	0.75	0
30	362	0.875	0
43	64	0.0	0
371	126	0.75	0
1	1	0.625	1
1	141	0.25	0
1	366	0.625	0
46	420	0.5	0
44	282	0.875	0
1	172	0.5	0
1	402	0.875	0
1	295	0.25	0
199	43	1.0	0
356	19	0.5	0
1	402	0.75	0
354	274	0.5	0
1	95	0.5	0
1	408	0.75	1
114	395	1.0	1
1	372	1.0	0
144	382	0.25	0
1	1	0.25	1
1	235	0.625	0
1	335	0.75	0
267	1	0.875	1
1	346	0.625	0
1	313	0.875	0
180	74	0.625	0
295	248	0.75	0
56	109	0.5	0
282	149	0.5	0
1	49	1.0	0
1	1	0.125	1
127	380	0.0	0
1	220	0.5	0
13	181	0.375	0
1	160	0.875	0
32	395	0.75	0
13	143	0.125	1
1	322	0.875	0
1	39	0.5	0
1	47	0.375	0
1	206	0.125	0
1	33	1.0	0
37	93	1.0	0
1	371	0.5	0
16	82	0.625	0
223	76	0.375	0
101	121	0.0	0
1	395	0.625	0
19	92	0.875	0
19	290	0.25	1
298	317	0.25	0
1	247	0.625	0
1	77	0.625	0
2	119	0.0	0
1	198	0.5	0
203	92	0.125	0
1	1	0.625	1
1	1	0.125	1
391	102	0.625	0
1	42	0.125	0
1	1	0.625	1
1	177	0.5	0
32	317	0.25	0
32	29	0.375	1
1	398	0.75	0
419	249	0.875	0
1	1	0.125	1
88	19	1.0	0
1	1	0.625	1
1	322	0.625	0
1	159	0.25	0
151	272	0.125	0
1	10	0.75	0
220	87	0.625	0
45	319	0.0	0
1	290	0.75	0
86	197	0.0	0
412	305	0.75	0
139	227	1.0	0
1	206	0.5	0
156	40	0.25	0
112	234	0.25	0
1	178	0.75	0
47	335	0.75	1
90	1	0.125	1
1	136	0.5	0
1	211	0.625	0
56	297	1.0	1
24	368	1.0	0
1	42	0.0	0
413	54	0.75	0
1	117	0.625	0
77	58	0.625	0
249	163	0.125	0
45	281	0.0	0
137	92	0.0	0
1	33	0.5	0
1	395	0.875	0
1	265	0.125	0
1	155	0.125	0
135	96	0.5	0
1	267	0.25	0
1	107	0.75	0
332	43	0.375	1
1	254	0.0	0
1	191	0.75	0
1	234	0.0	0
44	145	0.75	0
1	1	0.125	1
1	44	0.625	0
188	138	0.125	0
144	123	0.625	1
1	7	0.0	1
1	111	0.75	0
1	169	0.875	0
85	290	0.0	0
42	17	0.0	0
1	201	1.0	1
368	373	0.5	1
1	379	0.875	0
200	104	1.0	1
104	86	1.0	0
1	172	0.75	0
1	56	0.5	0
260	145	0.875	0
19	153	0.875	0
1	26	0.5	0
1	136	1.0	1
1	1	0.75	1
287	69	0.875	0
55	153	0.125	0
1	1	1.0	1
1	206	0.25	0
1	199	0.125	1
1	33	0.5	1
167	332	0.625	0
13	267	0.25	0
89	332	0.375	1
1	1	0.625	1
30	91	0.5	0
23	15	0.375	0
1	1	0.75	1
1	224	0.0	0
167	164	0.625	0
90	72	0.0	0
105	197	0.125	1
291	342	0.75	0
13	152	0.875	0
154	126	0.875	0
192	360	0.125	0
142	264	1.0	0
1	249	0.875	0
1	197	0.0	0
1	1	0.25	1
300	23	0.25	1
1	100	0.25	1
375	420	0.5	0
1	82	1.0	0
1	391	0.0	0
1	169	0.75	0
1	151	0.625	0
1	232	0.0	0
29	1	0.25	1
203	155	0.25	0
348	10	0.375	0
1	287	0.375	0
1	194	0.125	1
1	144	0.25	0
194	319	0.375	0
1	359	0.75	0
155	1	0.125	1
1	426	0.0	0
1	322	1.0	0
1	255	0.5	0
53	287	0.25	0
77	134	0.25	0
1	142	0.5	0
2	378	0.0	0
1	94	0.625	0
152	402	0.375	0
170	424	0.625	0
1	108	1.0	0
299	119	0.25	0
1	102	0.125	0
107	6	0.875	0
332	89	0.375	1
177	1	0.75	1
1	175	1.0	0
360	1	0.5	1
221	380	0.125	0
1	122	0.0	0
229	146	1.0	0
1	129	0.5	0
185	136	0.5	0
1	130	0.5	0
1	414	0.5	0
1	1	1.0	1
74	38	0.625	0
1	240	0.625	0
120	300	0.0	0
1	337	0.625	0
1	90	1.0	1
1	216	1.0	0
1	238	0.5	0
89	361	1.0	0
1	75	0.5	0
1	365	0.375	0
1	266	0.375	1
230	31	0.75	0
1	72	0.25	0
203	245	0.5	1
8	174	1.0	0
10	6	0.25	0
170	150	0.125	0
1	153	0.875	0
1	158	0.75	0
1	193	0.625	0
45	1	0.0	1
1	69	0.625	0
1	337	0.25	0
375	283	0.5	0
256	1	0.75	1
1	360	0.75	0
303	406	0.625	0
1	407	0.25	0
1	77	0.375	0
1	406	0.25	0
45	177	0.25	1
14	99	0.875	0
1	327	0.75	0
1	418	0.125	0
1	410	1.0	0
257	1	0.875	1
1	8	1.0	0
1	140	0.875	0
1	6	0.5	0
1	1	0.625	1
1	395	0.625	0
214	177	0.5	0
32	141	0.375	1
1	266	0.625	0
99	31	0.875	0
1	252	0.375	0
290	215	0.5	0
23	53	0.875	0
44	346	0.5	0
1	237	0.75	0
1	109	0.5	0
289	1	0.25	1
100	126	0.75	0
63	419	0.0	0
1	390	0.0	0
19	430	0.875	0
3	100	0.25	0
92	333	0.125	0
1	240	0.625	0
1	319	1.0	0
1	286	0.375	0
290	151	0.875	1
1	282	1.0	1
1	1	0.125	1
1	42	0.875	0
1	31	0.25	0
23	11	0.625	0
1	372	0.0	0
1	140	0.25	0
1	1	0.5	1
143	375	0.75	0
351	150	0.375	0
1	172	0.75	0
1	348	0.0	0
1	1	0.25	1
32	323	0.0	0
1	266	0.25	0
424	136	0.875	1
220	12	1.0	0
16	51	1.0	0
1	355	0.125	0
1	72	0.25	0
247	1	1.0	1
1	222	0.0	0
1	29	0.75	0
1	149	0.25	0
1	56	0.125	0
220	328	0.875	0
1	8	1.0	0
1	94	0.625	0
1	373	0.125	0
1	327	0.0	0
1	104	0.125	1
251	26	0.625	0
1	78	0.625	0
59	1	0.0	1
289	291	0.25	0
1	1	0.125	1
156	145	0.5	0
110	35	0.375	1
1	224	0.625	0
142	195	0.875	0
139	327	0.625	0
144	132	0.125	0
172	349	0.625	0
1	116	0.5	0
1	90	0.25	0
212	140	0.125	0
68	330	0.0	0
105	27	1.0	0
1	225	0.625	0
80	131	0.75	0
1	204	0.5	0
95	48	0.0	1
84	85	0.0	1
222	52	0.125	0
1	42	0.25	0
411	119	0.75	0
144	1	0.75	1
123	406	0.25	0
1	237	0.125	0
1	414	0.5	0
89	88	0.0	1
1	293	0.125	0
1	145	0.75	0
1	425	1.0	0
1	84	0.375	0
1	177	0.5	0
122	169	0.875	0
1	400	0.125	0
1	403	0.0	0
1	276	1.0	0
144	272	1.0	0
1	89	1.0	1
1	33	0.75	0
339	322	0.375	1
1	259	1.0	1
331	169	1.0	0
35	113	0.375	0
1	428	1.0	1
388	372	0.625	0
1	271	1.0	0
71	273	1.0	0
410	1	1.0	1
188	218	0.125	1
1	313	1.0	0
1	1	0.75	1
1	187	0.625	0
41	225	0.375	0
1	408	0.625	0
31	184	0.875	0
1	306	0.375	0
1	224	0.75	0
191	322	0.375	1
1	175	1.0	0
1	133	0.125	0
220	125	1.0	0
1	133	0.25	0
162	1	0.25	1
310	167	1.0	0
1	44	0.25	0
147	222	0.125	0
2	231	0.625	0
393	251	1.0	0
43	44	0.375	1
1	114	0.5	0
1	325	0.75	0
1	176	0.25	0
1	200	1.0	0
88	342	0.375	1
1	139	0.125	0
1	414	1.0	0
1	392	0.25	0
1	317	0.875	0
1	216	0.75	0
429	100	1.0	0
1	106	0.0	0
1	8	0.625	0
1	274	0.25	0
1	1	0.875	1
1	417	0.625	0
91	360	0.5	0
136	1	0.625	1
1	353	0.75	0
1	368	0.75	0
1	191	0.375	0
374	198	0.625	0
1	280	0.5	0
1	259	0.0	0
77	367	0.0	0
1	242	0.75	0
1	64	0.875	0
1	303	0.625	0
110	398	0.875	0
95	167	1.0	0
1	149	0.375	0
420	1	0.875	1
1	333	0.125	0
30	163	0.875	0
329	227	0.375	0
34	316	0.75	1
1	409	0.75	0
1	178	0.25	0
1	199	1.0	1
1	57	1.0	0
265	279	0.75	0
89	307	0.375	0
1	59	0.125	0
30	171	0.75	0
44	93	0.5	0
1	91	0.75	0
142	167	0.875	0
1	10	0.875	0
379	363	0.75	0
120	21	0.0	0
1	427	0.625	0
125	1	0.0	1
1	402	0.75	1
184	404	0.5	0
152	352	0.875	0
106	1	0.125	1
13	255	0.125	0
245	1	0.625	1
1	323	0.125	0
221	169	0.125	0
9	107	1.0	0
160	66	0.0	0
127	301	0.0	0
15	223	0.375	0
107	144	0.125	0
360	108	0.875	0
1	3	0.125	0
1	198	0.625	0
184	38	0.75	0
1	188	0.75	0
1	5	0.0	0
190	1	0.375	1
1	208	0.5	0
1	425	0.5	0
1	155	0.875	0
86	191	0.375	0
1	180	0.25	0
1	309	1.0	0
1	334	0.125	0
266	329	0.625	0
1	156	0.0	1
1	158	1.0	0
1	143	0.125	1
1	224	0.25	0
179	414	0.0	0
144	16	0.0	0
1	276	1.0	0
9	231	0.25	0
367	369	0.5	0
104	392	0.0	0
188	379	0.125	0
69	159	0.125	0
254	425	0.125	0
1	327	0.625	0
143	237	1.0	0
1	312	0.75	0
397	324	0.625	0
174	1	0.375	1
1	248	0.0	0
1	308	0.0	0
1	302	0.625	0
1	140	0.875	0
152	257	0.875	0
1	329	0.5	0
1	1	0.875	1
1	149	0.875	0
1	254	0.125	0
1	87	0.375	0
159	349	0.0	0
1	17	0.125	0
1	58	0.125	0
428	23	1.0	0
30	362	0.125	0
1	368	0.5	1
184	1	0.5	1
91	71	0.625	0
1	115	0.125	0
259	428	1.0	1
34	243	0.125	1
1	69	0.75	0
370	10	0.5	0
1	65	0.125	0
1	341	0.875	0
1	11	0.0	0
1	369	0.25	0
1	130	0.625	0
44	14	0.75	0
221	48	0.5	0
84	88	0.0	0
1	1	0.75	1
219	346	0.25	0
1	1	0.125	1
1	23	0.625	1
151	72	0.875	0
1	16	0.75	0
57	385	0.5	0
1	214	0.5	1
117	102	0.0	1
194	152	0.625	0
107	101	0.0	0
1	384	0.25	0
1	12	0.125	0
41	329	0.5	0
1	1	0.625	1
1	300	1.0	1
367	249	0.5	0
45	241	0.125	0
174	248	0.0	0
143	240	0.375	1
366	9	1.0	1
297	44	1.0	0
160	172	0.0	0
84	1	0.0	1
1	5	0.625	0
1	380	1.0	0
396	244	1.0	1
1	322	0.375	0
338	229	0.375	0
1	19	0.0	0
368	224	0.75	0
282	389	1.0	0
379	341	0.5	0
275	181	0.25	1
144	208	0.75	0
1	27	0.75	0
301	85	0.75	0
1	1	0.375	1
188	137	0.125	0
348	144	0.5	0
307	1	0.25	1
91	146	0.375	0
159	291	0.0	0
137	128	0.0	0
20	255	0.75	0
108	1	1.0	1
1	42	0.75	1
330	276	0.625	0
94	135	0.125	0
38	263	0.125	0
9	111	0.875	0
1	37	0.875	0
1	212	0.5	0
332	43	0.375	1
1	163	0.75	0
1	70	0.875	0
1	132	0.75	1
1	202	0.5	0
49	306	0.0	0
29	392	0.375	0
1	131	0.125	0
91	337	0.0	0
1	1	0.125	1
143	41	0.5	0
265	362	0.75	0
1	1	0.75	1
43	48	0.25	1
1	29	0.375	0
325	267	0.375	0
65	24	0.0	0
1	176	1.0	0
1	276	0.875	0
1	253	0.25	0
1	9	0.375	0
1	176	0.875	0
4	32	0.875	0
239	403	0.125	0
1	364	0.5	0
142	196	0.75	0
24	16	0.625	1
1	394	0.125	0
229	66	0.375	0
1	266	0.875	0
1	102	0.5	1
122	142	0.875	0
1	175	0.125	0
51	330	0.375	0
245	53	0.375	0
186	1	0.375	1
115	1	0.0	1
1	161	0.5	0
89	1	0.375	1
1	384	1.0	0
1	1	0.125	1
7	1	0.125	1
407	1	0.75	1
213	214	0.125	1
191	1	0.125	1
1	336	1.0	0
1	7	1.0	0
1	151	0.125	0
1	348	0.75	0
1	136	0.0	0
1	1	0.0	1
153	319	0.0	0
357	230	0.5	0
1	334	0.25	0
220	98	0.625	0
1	385	0.375	0
1	17	0.0	0
32	95	1.0	1
1	93	0.0	0
394	89	0.875	1
246	407	0.5	0
1	253	0.25	0
1	2	0.0	0
367	218	0.5	0
1	346	0.75	0
19	212	0.875	0
1	23	0.5	0
105	155	0.125	0
1	364	1.0	0
170	401	0.25	0
34	27	0.625	0
1	391	1.0	0
412	27	0.75	0
1	375	0.625	0
1	291	0.75	1
1	1	0.25	1
45	215	0.0	0
179	411	0.875	0
1	1	0.0	1
28	5	0.0	1
1	178	0.5	1
1	144	0.0	0
1	361	1.0	0
1	195	0.25	0
1	419	0.75	0
1	391	1.0	0
146	360	0.25	0
1	24	0.625	1
1	337	0.5	0
1	348	0.375	0
1	203	0.5	0
1	42	0.25	0
393	125	0.625	0
1	23	0.625	1
210	372	0.625	0
1	222	0.625	0
1	246	0.5	0
36	212	0.0	0
1	109	1.0	0
60	275	0.25	1
1	402	1.0	0
42	146	0.375	0
23	246	0.375	0
1	25	0.625	0
1	175	0.375	0
139	422	1.0	0
347	52	0.375	0
1	389	0.625	0
3	106	1.0	0
1	1	0.125	1
1	265	1.0	0
204	270	0.375	0
1	8	0.25	0
184	353	0.75	0
150	328	0.25	0
191	275	0.375	0
1	281	1.0	0
298	1	0.625	1
32	420	0.875	0
182	41	0.25	0
1	124	0.5	0
37	279	0.625	1
175	177	0.25	0
91	147	0.0	1
146	349	0.25	0
1	256	0.5	0
1	87	0.25	0
1	1	0.375	1
132	355	0.75	0
42	429	0.875	0
1	117	0.5	0
1	1	1.0	1
1	320	0.25	0
105	271	0.125	1
384	328	0.625	0
1	406	0.75	1
1	211	0.25	0
88	38	0.125	0
104	229	0.125	0
356	266	0.5	0
1	103	0.125	0
1	396	0.0	0
429	186	1.0	0
1	1	0.875	1
1	347	0.75	0
1	103	0.5	0
1	382	0.75	1
1	427	0.0	0
91	227	0.125	0
99	240	0.0	0
1	18	0.25	0
1	150	0.5	0
94	38	0.125	1
30	331	0.875	0
320	287	0.375	0
276	265	0.25	0
1	1	1.0	1
1	91	0.0	0
25	114	0.0	0
289	233	0.25	0
1	255	1.0	0
32	253	0.875	0
1	365	0.0	0
1	424	0.5	0
29	26	0.625	0
349	65	0.375	0
1	249	0.375	0
1	419	0.75	0
1	429	0.75	0
1	100	0.625	0
29	37	0.375	0
1	364	0.625	0
143	306	0.75	0
47	238	0.0	0
1	154	0.625	1
172	388	0.25	0
269	29	0.625	1
1	188	0.625	0
1	135	0.25	0
1	190	0.0	0
379	334	0.75	0
139	95	0.625	1
1	98	0.75	0
1	278	1.0	0
189	123	0.125	0
1	249	1.0	0
1	179	0.75	0
44	86	0.375	0
1	68	0.125	0
1	380	0.375	0
323	183	0.5	0
354	291	0.5	0
1	394	0.125	0
1	290	0.625	0
1	268	0.375	0
1	30	1.0	0
143	48	0.375	0
1	1	0.25	1
205	292	1.0	0
1	291	0.0	0
1	1	0.875	1
414	234	0.75	0
1	258	0.0	0
230	416	0.125	0
1	160	1.0	1
120	190	0.125	0
1	23	0.5	0
123	110	0.125	0
1	296	0.125	0
1	265	0.125	1
203	92	0.25	0
226	29	0.5	0
1	103	0.75	0
255	366	0.875	0
343	148	0.625	0
1	269	0.75	0
1	22	1.0	0
1	298	0.25	1
1	354	0.625	0
1	18	0.125	0
385	241	0.625	0
1	318	0.25	0
363	310	0.75	0
1	12	1.0	0
88	338	0.625	0
377	120	0.875	1
369	234	0.5	0
1	1	0.625	1
110	60	0.375	0
1	210	0.25	0
1	244	0.75	0
89	328	0.875	0
202	38	0.75	0
240	215	0.75	0
1	202	0.375	0
1	202	0.875	0
345	415	0.5	0
1	339	0.0	0
92	1	0.75	1
35	151	0.25	0
1	37	1.0	0
30	68	0.625	0
1	117	0.75	0
1	1	0.75	1
1	134	0.375	0
60	285	1.0	0
1	1	0.5	1
1	198	1.0	0
1	291	0.875	0
401	1	0.75	1
242	68	0.125	0
1	163	0.0	0
1	165	0.625	0
1	368	0.25	0
1	31	0.5	0
1	42	0.625	0
183	430	0.75	0
387	389	0.625	1
327	408	0.625	0
1	318	0.125	0
1	1	0.375	1
1	332	0.125	0
1	119	0.5	0
1	1	0.875	1
1	211	0.625	0
166	280	0.0	0
188	135	0.125	0
215	186	0.25	0
210	200	0.75	0
1	91	0.625	0
1	266	0.875	0
324	346	0.5	0
1	229	0.25	0
1	335	1.0	0
1	287	0.25	0
1	250	0.0	0
184	366	0.25	0
1	192	0.0	0
124	1	0.875	1
74	13	0.625	0
1	1	0.375	1
10	214	0.75	0
1	175	0.375	0
1	382	0.625	0
37	87	0.375	0
331	29	1.0	1
1	63	0.25	0
1	393	0.5	0
1	356	0.625	0
1	210	1.0	0
29	88	0.375	1
1	172	0.5	0
1	314	0.75	0
93	183	0.75	0
126	187	0.0	0
1	415	1.0	0
1	92	0.625	0
1	402	0.25	0
1	1	0.625	1
9	61	0.0	0
223	123	0.125	0
1	106	0.75	0
1	40	0.375	0
1	6	1.0	0
88	307	0.375	0
169	1	0.25	1
1	1	0.375	1
1	179	0.625	0
1	9	0.125	0
1	318	0.625	0
149	134	0.25	0
1	424	0.125	0
88	311	1.0	0
1	244	1.0	0
1	193	0.0	0
1	103	0.625	0
1	390	0.5	0
100	318	0.875	0
18	1	0.125	1
304	261	0.875	0
94	167	0.125	0
1	1	0.5	1
1	179	0.125	0
296	1	0.25	1
158	205	0.0	0
1	333	0.375	0
1	72	0.5	0
139	401	0.625	0
138	29	0.875	1
1	124	0.875	0
1	126	0.875	0
169	1	0.125	1
170	297	0.625	0
1	202	0.625	0
237	1	0.125	1
1	1	0.0	1
289	24	0.25	0
1	74	0.625	1
139	8	1.0	1
1	1	0.125	1
1	1	0.0	1
1	217	0.125	0
1	370	0.875	0
74	81	0.625	0
89	163	0.375	1
30	57	0.75	0
175	30	0.75	0
1	377	0.25	0
374	343	0.625	0
1	91	0.5	1
1	23	0.75	0
23	167	0.125	0
1	400	0.125	0
91	21	0.375	0
1	58	1.0	0
1	1	1.0	1
29	413	1.0	0
1	283	0.25	0
1	108	0.625	0
1	251	0.75	0
1	19	0.0	0
127	192	0.25	0
275	1	0.875	1
175	196	0.875	0
1	1	0.625	1
245	139	1.0	1
220	1	0.625	1
1	12	0.5	0
106	159	0.75	0
44	109	0.625	0
1	1	0.875	1
160	343	0.5	0
1	26	0.125	0
390	194	0.625	0
1	396	0.875	0
1	7	0.625	0
1	272	1.0	0
1	317	0.375	0
1	1	1.0	1
230	291	0.625	0
1	327	0.875	1
136	329	0.75	0
1	417	0.375	0
1	150	0.125	0
99	270	0.0	0
1	167	0.625	1
1	383	0.125	0
203	257	0.5	0
1	1	0.875	1
1	45	0.75	0
89	86	0.625	0
42	263	1.0	1
346	187	1.0	0
1	378	0.875	0
1	106	0.0	0
23	22	0.0	1
1	344	0.5	0
1	156	0.375	0
1	42	0.125	1
139	175	0.625	0
93	5	0.375	0
162	1	0.5	1
1	380	0.25	0
1	343	0.625	0
185	25	0.5	1
1	234	0.25	0
163	9	0.25	1
1	198	0.0	0
1	255	0.25	0
1	155	1.0	0
1	412	0.5	0
1	16	0.75	1
1	295	0.5	0
404	1	0.75	1
1	167	0.0	0
176	111	0.875	0
85	247	0.125	0
1	1	0.125	1
93	167	0.875	0
1	307	1.0	0
1	393	0.875	0
254	272	0.125	0
1	191	0.125	0
391	269	0.625	0
1	256	0.25	0
317	241	0.375	0
1	415	0.75	0
1	18	0.625	0
1	37	0.5	0
1	378	0.0	0
1	1	0.0	1
1	345	0.25	0
1	102	0.25	0
1	296	0.5	0
1	375	0.25	0
232	70	0.375	0
1	229	0.375	0
1	20	0.75	0
18	259	0.0	0
1	1	0.625	1
289	108	0.25	0
1	309	0.5	0
1	196	0.75	0
69	123	0.625	0
1	31	0.75	1
152	19	0.875	0
31	358	1.0	0
186	252	0.75	0
1	50	0.5	0
1	254	0.125	0
194	111	0.625	1
105	1	0.875	1
341	112	0.375	0
91	1	0.625	1
1	1	0.75	1
1	282	0.875	0
1	59	1.0	0
1	214	0.25	0
214	110	0.875	1
68	363	0.5	0
367	1	0.625	1
1	246	0.875	0
1	57	0.625	0
292	1	1.0	1
1	135	0.875	0
1	375	0.875	0
1	41	0.75	0
1	82	0.0	0
1	387	0.0	0
1	138	0.375	1
1	296	0.25	1
249	154	0.125	0
1	190	0.125	0
1	4	0.875	0
1	122	0.0	0
226	25	0.75	0
1	25	0.5	0
61	388	0.625	1
1	312	0.25	1
1	202	0.5	0
220	96	0.875	0
1	17	0.0	1
1	69	0.625	0
103	29	0.0	0
1	115	0.875	1
39	172	0.5	0
1	158	0.125	0
1	245	0.125	0
1	128	0.625	1
25	1	0.5	1
32	25	0.0	0
393	107	0.625	1
204	167	0.625	0
59	57	0.5	1
1	201	0.5	0
1	234	0.0	0
19	1	0.75	1
1	212	0.75	0
1	291	0.375	0
1	321	0.375	1
91	374	0.625	1
77	24	0.25	0
1	344	0.375	0
29	34	0.0	0
203	72	0.25	0
1	212	0.625	0
1	303	0.375	0
139	340	1.0	0
1	119	0.625	1
1	1	1.0	1
1	46	0.375	0
229	317	0.375	0
191	1	0.75	1
1	320	0.375	0
1	243	0.5	0
184	121	0.75	0
230	1	0.25	1
232	298	0.375	1
1	33	0.0	1
1	1	0.625	1
1	1	0.25	1
1	224	0.125	1
363	50	0.75	0
360	1	0.875	1
1	1	0.125	1
199	162	0.125	0
257	32	0.25	0
1	1	0.75	1
323	64	0.375	0
390	1	0.625	1
410	1	0.75	1
69	217	0.125	1
1	113	0.125	0
272	252	0.125	0
100	167	0.875	0
1	1	0.0	1
1	20	0.5	0
1	169	0.625	0
1	127	0.75	0
8	1	0.25	1
234	372	0.875	0
1	69	0.125	1
191	122	0.875	0
127	425	0.0	0
9	1	0.375	1
1	1	0.75	1
1	1	0.875	1
1	1	0.25	1
29	130	0.375	0
88	88	0.75	1
1	187	0.125	0
24	86	0.0	0
30	22	0.125	0
380	1	0.5	1
1	101	1.0	0
1	218	0.0	0
12	1	0.25	1
1	386	0.875	0
58	104	0.25	0
30	229	0.375	0
44	305	1.0	1
1	378	0.125	0
1	123	0.875	0
139	36	0.125	0
1	278	0.875	0
201	403	0.875	0
138	359	0.875	0
1	428	0.0	0
1	22	1.0	0
32	384	0.375	0
30	40	0.25	0
1	256	0.625	0
25	14	0.625	0
351	237	0.375	0
1	54	0.625	0
1	1	0.0	1
89	308	0.375	0
1	1	0.625	1
88	236	0.25	0
1	82	0.125	0
30	238	0.875	0
188	335	0.125	0
42	11	0.125	0
44	126	0.5	0
1	233	0.5	0
1	254	0.125	0
1	232	0.0	0
34	31	0.625	0
430	39	1.0	0
1	56	0.625	0
1	306	1.0	0
148	114	0.125	0
1	367	0.375	0
1	150	1.0	0
1	61	0.625	1
251	373	0.125	0
1	147	0.5	0
1	92	0.5	0
1	25	0.625	0
48	190	0.625	0
1	322	0.375	0
1	230	0.125	0
417	308	0.875	0
45	200	0.125	0
357	151	0.5	0
203	344	1.0	0
1	148	0.0	0
40	268	1.0	0
352	381	0.375	0
1	306	0.625	0
16	185	0.75	0
1	323	0.75	0
38	129	1.0	0
1	279	0.75	0
335	110	0.625	0
43	1	0.875	1
382	407	0.75	0
1	41	0.125	0
117	253	0.0	0
358	47	0.5	0
91	298	0.625	0
1	69	0.375	0
47	339	0.875	0
29	361	0.0	0
224	342	0.75	0
1	322	0.625	0
414	320	0.75	0
1	357	0.625	0
1	275	1.0	0
92	3	0.75	0
396	1	1.0	1
1	43	0.75	0
1	354	0.375	0
1	1	0.0	1
19	156	0.0	0
288	75	1.0	0
1	96	0.5	0
1	220	0.625	0
206	428	0.125	0
170	349	0.625	0
1	274	0.625	0
1	170	0.875	0
1	109	0.625	0
1	268	0.25	0
1	379	0.625	0
1	251	0.25	0
1	261	0.5	0
48	1	0.5	1
297	296	0.25	1
123	161	0.75	0
188	98	0.125	0
429	135	1.0	0
106	176	0.625	0
1	62	0.625	0
1	157	0.375	1
1	195	0.5	0
1	2	0.625	1
1	1	0.875	1
23	318	0.125	0
77	170	0.625	0
1	45	0.25	0
295	203	0.875	0
1	398	0.0	0
388	219	0.625	0
23	331	0.125	0
1	1	0.625	1
1	44	0.125	0
1	1	0.0	1
244	207	1.0	1
321	1	0.375	1
284	197	1.0	0
1	99	0.125	0
249	242	0.125	1
1	134	0.75	0
1	416	0.875	0
1	94	0.625	0
1	254	1.0	0
1	423	0.375	0
29	123	0.125	0
88	159	0.875	0
1	110	0.625	0
23	169	0.625	0
188	93	0.125	1
33	33	0.125	0
1	10	0.0	0
24	115	0.375	0
259	1	1.0	1
1	295	0.125	0
233	208	0.25	0
1	231	0.75	0
1	245	0.25	0
1	297	0.5	0
1	343	0.375	0
37	164	0.75	0
384	219	0.5	1
1	346	0.5	0
1	222	1.0	0
1	12	1.0	0
1	381	0.125	0
1	77	0.5	0
139	182	0.625	0
1	51	0.0	0
106	352	0.75	0
1	257	0.125	1
1	338	0.25	0
1	5	0.375	0
1	378	1.0	0
30	5	0.625	0
79	1	0.0	0
133	74	0.875	0
1	259	0.25	0
1	387	0.625	0
1	77	0.25	1
14	1	0.875	1
1	1	0.0	1
58	1	0.5	1
1	229	0.375	0
1	1	1.0	1
338	180	0.375	0
1	355	0.375	0
1	71	1.0	1
1	1	0.25	1
370	340	0.5	0
194	91	0.625	1
1	123	0.125	0
1	1	0.5	1
1	20	0.75	1
30	1	0.125	1
1	284	0.5	0
1	66	0.5	0
1	1	0.75	1
80	145	0.75	0
1	74	0.75	0
1	426	0.125	0
1	62	0.625	0
1	237	0.0	0
44	117	1.0	0
116	419	0.125	0
320	1	0.375	1
1	341	0.375	0
143	390	0.5	0
429	429	1.0	1
1	187	0.5	0
276	214	0.25	0
86	288	0.625	0
1	127	0.25	0
1	159	0.125	0
139	1	0.625	1
1	302	0.0	0
1	1	0.0	1
1	332	1.0	0
43	6	0.375	0
1	126	0.625	0
287	208	0.375	0
1	324	1.0	0
424	183	0.875	0
1	150	0.75	0
1	43	0.375	0
1	247	0.875	0
1	80	0.5	0
1	316	1.0	0
1	247	0.625	0
1	6	0.875	0
16	196	0.125	0
1	1	0.625	1
1	91	0.5	0
88	311	0.875	0
1	109	1.0	0
1	222	0.0	0
88	423	0.625	0
1	233	0.125	0
1	1	0.5	1
1	256	0.75	1
202	207	0.125	0
32	1	0.5	1
29	384	1.0	1
1	166	0.125	0
229	42	0.5	0
1	369	0.625	0
1	10	0.75	1
144	350	0.375	0
158	214	1.0	0
1	122	0.75	0
1	406	0.75	1
1	96	0.625	0
1	27	0.875	0
33	199	0.75	0
173	262	0.75	0
1	1	0.75	1
1	350	1.0	0
169	273	0.125	0
321	1	0.375	1
204	429	0.125	0
1	165	0.625	0
1	220	0.625	0
243	24	0.125	0
9	192	0.25	1
1	243	1.0	0
1	80	0.375	0
142	184	1.0	0
159	229	0.875	0
1	38	0.625	0
63	1	0.0	1
1	1	0.875	1
169	3	0.25	0
245	128	0.625	0
428	326	1.0	0
1	1	0.25	1
430	93	1.0	0
1	243	0.75	0
123	383	0.0	0
292	16	0.875	0
1	322	0.0	0
1	173	0.5	0
55	207	0.125	1
1	44	0.875	1
110	298	0.875	0
1	1	0.625	1
1	60	0.25	0
240	227	0.125	0
1	132	0.375	0
1	100	0.875	0
1	216	0.75	0
7	197	1.0	0
1	341	0.75	0
1	425	1.0	0
170	250	1.0	0
43	157	1.0	0
1	1	0.625	1
1	152	1.0	0
1	199	0.25	0
167	139	0.625	0
1	371	1.0	0
1	353	1.0	0
30	239	1.0	0
413	1	0.75	1
291	2	0.375	0
1	373	0.75	0
1	266	0.5	0
44	54	0.0	1
236	96	0.125	0
1	341	0.0	0
1	1	1.0	1
1	1	0.0	1
53	270	0.875	1
1	321	0.625	0
227	144	0.5	1
249	155	0.125	0
393	39	0.625	0
1	183	0.5	0
1	172	0.375	0
1	354	0.0	0
107	302	0.625	0
1	388	0.5	0
1	292	1.0	0
1	300	0.75	0
257	136	0.25	0
288	81	0.625	0
1	284	1.0	0
1	207	0.625	0
61	321	0.25	0
16	331	0.25	0
170	384	0.625	1
277	90	0.75	0
1	1	0.625	1
253	102	0.625	0
1	317	1.0	0
1	80	0.125	0
91	111	0.625	0
1	186	0.5	0
107	299	0.125	0
1	137	0.25	0
30	265	0.125	1
1	288	0.75	0
8	336	0.625	0
1	1	1.0	1
242	218	0.125	0
389	81	0.625	0
1	160	0.5	0
1	44	0.125	1
227	15	0.5	0
131	240	0.875	0
5	262	0.0	0
99	138	0.25	0
1	40	0.125	0
1	26	0.375	1
393	28	0.625	0
132	170	0.5	0
1	355	0.875	0
109	153	0.25	1
108	37	0.5	1
65	54	0.0	0
342	404	0.375	0
1	218	0.25	0
223	91	0.375	0
151	3	0.0	0
1	104	0.625	0
1	7	0.125	0
1	328	0.125	0
174	307	0.625	0
23	298	0.125	0
1	208	0.5	0
48	1	0.5	1
89	42	0.5	0
1	231	0.125	0
429	283	1.0	0
1	368	0.75	0
1	318	0.5	0
420	78	0.875	0
1	218	1.0	0
1	26	1.0	0
1	86	0.5	0
1	331	0.0	0
1	138	0.75	0
194	123	0.75	0
1	427	0.125	0
88	40	0.625	0
1	303	0.125	0
143	205	0.375	0
286	297	0.625	0
1	221	0.25	0
1	225	0.875	0
44	428	0.875	0
1	362	0.375	0
1	1	0.75	1
61	44	0.5	1
1	1	0.375	1
1	139	0.375	0
1	184	0.625	0
1	38	0.5	0
152	252	0.75	0
105	46	0.125	0
1	412	0.625	0
421	174	0.875	0
220	1	0.875	1
48	386	0.0	0
1	142	0.625	0
1	180	0.875	0
294	163	1.0	0
1	300	1.0	1
1	224	0.5	0
37	133	0.75	0
1	107	0.5	1
330	402	0.625	0
18	221	0.125	0
1	189	0.625	0
1	61	0.5	0
1	41	0.25	0
86	211	0.375	0
1	47	0.625	0
1	370	0.375	0
1	199	0.375	0
1	255	0.0	0
9	52	0.25	0
143	380	0.125	0
29	418	1.0	0
1	1	0.375	1
1	395	0.0	0
1	283	0.25	0
1	42	0.375	0
1	87	0.625	0
88	294	0.75	0
1	339	0.125	0
315	127	0.25	0
1	199	1.0	0
345	230	0.75	0
341	304	0.875	0
1	237	0.875	0
1	260	0.75	0
1	245	0.125	0
1	233	0.875	0
1	175	0.5	0
1	163	0.625	0
129	337	0.5	1
1	220	0.625	1
1	346	0.125	0
1	179	0.625	0
17	5	0.0	0
1	415	1.0	0
84	26	0.125	0
1	95	0.75	0
1	53	0.125	1
221	143	0.125	1
1	392	0.75	0
190	275	0.125	0
23	153	0.75	0
1	10	0.625	0
1	306	0.25	1
104	308	1.0	0
1	390	0.0	0
244	93	0.625	0
67	81	0.375	0
45	323	0.875	0
1	330	0.375	0
1	93	0.0	0
1	30	0.75	0
1	104	1.0	0
91	348	0.375	0
1	427	0.0	0
167	140	0.375	0
1	188	0.5	0
1	325	0.25	0
42	412	0.75	0
1	222	0.0	0
1	14	1.0	0
34	48	0.75	0
1	18	0.375	0
1	261	0.125	0
69	1	0.125	1
1	359	1.0	0
1	406	0.75	0
261	63	0.375	0
160	29	0.875	0
1	1	0.625	1
1	318	0.25	0
1	1	0.75	1
1	250	0.625	0
1	19	0.75	0
288	91	0.5	1
244	20	0.125	0
15	90	0.5	0
1	107	0.625	0
1	1	1.0	1
152	363	0.75	0
89	99	0.75	0
1	89	1.0	0
1	339	0.75	0
1	323	1.0	0
1	169	0.875	0
1	369	0.5	1
1	309	0.125	0
1	1	0.125	1
1	4	0.875	0
1	1	0.75	1
1	307	0.625	0
1	96	0.0	0
226	7	0.75	0
47	353	0.875	0
288	333	0.625	0
1	68	0.375	0
275	205	0.875	0
309	273	0.25	0
67	52	0.0	0
1	231	0.0	0
31	52	0.125	0
1	68	0.0	1
220	72	0.375	1
1	286	0.375	0
78	1	0.0	1
139	301	1.0	0
29	226	0.375	0
1	73	0.5	0
189	363	0.375	0
19	293	0.0	0
44	161	0.375	0
1	285	0.625	0
1	1	0.25	1
1	246	0.875	0
22	396	0.25	0
30	1	0.75	1
1	108	0.625	1
1	391	1.0	0
1	359	0.625	0
230	249	0.125	1
199	1	0.75	1
1	1	0.625	1
190	42	0.125	0
250	378	0.625	0
1	1	0.875	1
1	1	0.875	1
1	1	0.75	1
1	35	0.25	0
1	117	0.875	0
1	278	0.5	0
1	4	0.375	0
1	368	0.5	1
164	193	0.375	0
169	235	0.25	1
23	133	0.375	0
1	411	0.25	0
1	23	0.625	0
1	17	0.25	0
138	347	0.375	0
1	248	0.5	0
1	400	0.625	0
1	99	0.25	0
1	63	0.625	0
1	414	1.0	0
407	1	0.75	1
1	1	0.75	1
53	346	0.25	0
47	359	0.25	0
1	333	0.375	0
1	222	1.0	0
167	1	0.375	1
22	3	0.0	0
1	1	1.0	1
194	113	0.25	0
1	400	0.0	0
395	415	0.625	0
86	317	0.625	0
111	292	0.375	0
1	207	0.125	0
1	205	0.25	0
1	1	0.5	1
1	382	0.0	0
24	384	0.625	0
397	400	0.625	0
1	280	0.25	0
1	197	0.0	0
273	88	0.375	0
1	42	1.0	0
220	344	0.375	1
1	311	1.0	0
1	208	0.5	0
30	166	0.125	0
34	127	0.75	0
1	179	0.25	0
259	399	1.0	0
1	220	0.125	1
1	312	1.0	0
1	183	0.25	0
1	303	0.5	0
201	381	0.125	0
215	355	0.25	0
1	121	0.625	0
1	1	0.25	1
288	164	0.625	0
1	409	0.375	0
1	367	0.625	0
241	402	0.375	0
1	23	0.5	0
44	261	0.75	0
1	386	0.25	0
1	387	0.625	1
77	81	0.625	0
1	162	1.0	0
16	29	1.0	1
85	398	0.125	0
264	346	0.375	0
44	162	0.25	1
221	20	0.125	1
1	1	0.625	1
123	15	0.375	0
1	20	0.0	0
1	4	0.125	0
1	377	0.375	0
270	287	0.875	0
183	181	0.0	1
41	211	0.0	0
1	16	0.75	0
1	202	0.625	0
258	429	1.0	0
1	228	0.625	0
1	315	0.25	0
1	117	0.75	0
1	182	0.375	0
1	120	0.125	1
215	383	0.25	0
1	20	0.5	0
1	8	0.875	1
1	1	0.75	1
1	144	0.125	1
1	95	0.0	0
1	80	0.5	0
131	170	0.625	0
1	80	0.25	0
377	153	0.875	0
1	398	0.5	0
245	228	0.625	0
139	1	0.5	1
89	180	0.625	0
1	91	0.75	0
42	324	0.25	0
80	317	0.75	0
1	387	0.25	0
1	120	0.875	0
426	230	1.0	0
1	412	1.0	0
1	340	0.25	0
1	43	0.375	1
1	38	0.5	0
24	140	0.0	0
1	193	0.5	0
1	138	0.25	1
1	1	0.625	1
1	120	0.625	0
1	352	0.25	0
145	1	0.25	1
41	370	0.125	0
1	383	0.625	0
1	26	0.125	1
1	1	1.0	1
413	1	0.75	1
1	227	0.75	0
1	242	0.625	0
1	276	0.875	0
1	1	0.0	1
1	1	0.0	1
402	319	0.75	0
1	227	1.0	0
24	19	0.125	1
1	223	0.25	0
56	413	0.625	0
1	318	0.625	0
1	210	0.75	1
138	115	0.375	0
1	211	0.75	0
44	277	0.25	0
374	396	1.0	0
1	279	0.125	0
1	114	0.875	0
144	287	0.75	0
172	330	0.375	0
47	301	0.875	0
1	1	0.25	1
1	340	0.0	0
78	211	0.0	0
1	284	1.0	0
80	279	0.75	0
1	369	1.0	0
1	331	0.0	0
152	149	0.25	0
1	324	0.875	0
59	182	0.375	0
1	264	0.125	0
31	1	0.375	1
105	235	0.125	0
1	293	0.25	0
1	5	0.5	1
1	409	0.0	0
103	422	0.0	0
88	1	0.875	1
48	44	1.0	1
299	120	1.0	0
1	252	0.5	0
110	258	0.25	0
407	416	0.75	0
1	273	0.5	0
1	195	0.125	0
1	329	1.0	0
1	156	0.875	0
1	87	0.625	0
139	85	1.0	0
390	266	0.625	0
1	1	0.625	1
1	154	0.25	0
1	2	0.75	0
1	300	1.0	0
1	100	0.25	0
410	48	0.75	0
286	426	0.25	0
1	41	0.25	0
42	294	0.125	0
8	242	0.375	0
408	342	0.75	0
327	291	0.375	0
1	366	0.875	0
1	107	0.625	0
200	113	0.75	0
328	163	0.875	0
29	108	1.0	0
1	71	0.5	0
29	357	0.375	0
1	242	1.0	0
2	298	0.625	1
221	84	0.125	0
160	305	0.5	0
1	67	0.25	0
1	200	0.75	0
1	65	0.625	0
166	33	0.5	0
1	311	0.5	0
1	83	0.75	0
1	273	0.125	0
262	11	0.25	0
1	359	0.5	0
30	200	0.125	0
144	344	0.5	0
199	196	0.125	1
1	270	0.0	0
88	89	1.0	0
1	247	0.625	0
1	353	0.125	0
378	180	0.5	0
241	1	0.75	1
1	188	0.875	0
1	246	0.375	0
203	70	0.5	0
1	376	0.125	0
192	1	0.125	1
391	331	0.625	1
30	41	0.125	0
1	1	0.125	1
203	341	0.375	0
229	161	0.75	0
191	348	0.125	0
1	249	0.5	0
1	1	0.5	1
144	103	0.875	0
1	1	0.0	0
43	151	0.375	0
160	152	0.5	0
55	74	0.0	0
1	138	0.875	0
1	94	0.75	0
1	256	0.25	0
1	111	0.5	0
1	270	0.0	0
379	254	0.75	0
430	81	1.0	0
300	376	0.75	0
209	1	0.25	1
1	65	0.875	0
1	111	0.875	0
1	314	0.5	0
152	337	0.375	0
1	306	0.625	0
245	168	0.625	0
1	178	0.625	0
28	415	0.75	0
244	92	0.625	0
270	1	0.875	1
1	164	0.125	0
1	179	0.25	0
346	391	0.625	0
1	138	0.5	0
407	86	0.75	1
1	1	0.75	1
83	136	0.125	0
47	80	0.75	0
280	300	1.0	0
78	134	0.25	0
195	158	0.125	0
400	324	1.0	0
1	201	0.625	0
1	167	0.25	0
1	12	0.25	0
1	19	0.0	0
54	51	0.375	0
1	77	0.0	0
146	420	0.625	0
61	1	0.5	1
1	85	0.25	0
1	399	0.125	0
337	102	0.5	0
184	98	1.0	0
1	77	0.625	1
58	425	0.0	0
313	163	0.5	0
1	276	0.625	0
1	1	0.5	1
1	29	0.0	0
1	310	0.5	0
160	49	1.0	0
53	104	0.0	0
347	69	0.375	0
88	300	0.5	0
1	78	0.375	0
397	344	0.625	0
1	50	0.25	1
1	92	0.25	0
190	380	0.125	0
1	414	0.375	0
1	199	0.0	0
233	1	0.875	1
1	182	1.0	0
38	361	0.625	0
50	178	0.25	0
1	274	0.25	1
173	398	1.0	0
1	340	0.25	0
1	44	0.25	1
1	317	0.5	0
1	274	0.75	0
413	75	0.75	0
311	276	0.25	0
385	213	0.625	0
387	1	0.625	1
1	24	0.5	0
1	1	0.125	1
58	1	0.0	1
1	1	0.0	1
114	281	0.875	0
119	410	0.625	0
1	217	0.375	0
1	242	0.5	0
91	409	1.0	0
1	1	0.0	1
1	312	1.0	0
1	276	0.0	0
1	1	0.25	1
32	264	0.125	0
1	94	0.125	0
1	350	1.0	0
1	163	0.75	0
69	45	0.375	0
1	92	0.25	0
1	94	0.375	0
1	185	0.625	0
30	383	0.75	0
80	1	0.5	1
344	211	0.375	0
240	361	0.125	0
1	141	0.625	0
30	232	0.25	0
1	1	0.75	0
1	131	0.375	0
1	90	0.75	0
1	211	0.25	0
185	71	0.5	0
1	11	0.5	0
1	320	0.5	0
423	98	0.875	0
1	301	0.125	0
178	425	0.5	0
273	1	0.25	1
1	219	0.625	0
80	53	1.0	0
1	287	0.625	0
1	1	0.125	1
1	287	0.5	0
1	385	0.875	0
1	416	0.25	0
1	197	0.125	1
1	80	0.625	0
1	138	0.25	0
1	289	0.125	0
1	227	0.0	0
1	394	0.0	0
1	1	0.125	1
227	75	0.125	0
1	185	0.5	0
393	53	0.625	0
1	352	0.25	0
1	1	0.625	1
1	348	1.0	0
23	224	0.625	0
56	59	1.0	0
31	427	0.125	0
1	388	0.25	0
1	238	1.0	0
1	347	0.375	1
1	32	0.375	1
1	1	0.875	1
1	221	0.625	0
1	299	0.5	0
1	271	0.375	0
1	416	0.0	0
134	169	1.0	0
1	172	0.5	0
1	277	0.875	0
1	143	0.875	0
1	151	0.75	0
1	1	1.0	1
56	364	1.0	0
171	58	1.0	0
1	416	0.625	0
394	409	0.875	0
1	421	0.625	0
133	209	1.0	0
1	115	0.625	0
161	208	0.0	0
142	1	0.0	1
139	102	1.0	0
320	255	0.375	0
1	142	0.0	0
33	199	0.5	0
1	88	0.5	0
1	352	0.125	0
1	322	0.875	0
1	217	0.375	0
1	149	0.5	0
184	150	1.0	0
94	373	0.5	0
1	415	0.625	0
1	258	0.75	0
24	89	0.0	0
1	82	0.125	0
1	1	0.375	1
1	79	0.125	0
1	327	0.125	0
1	1	0.875	1
1	363	0.75	0
137	422	0.5	0
86	238	0.0	0
172	38	0.875	0
204	167	0.125	1
188	287	0.125	0
1	263	0.5	0
1	304	0.125	0
86	1	0.375	1
1	33	0.125	0
348	206	0.625	0
1	139	1.0	1
1	257	0.25	0
1	187	0.25	0
70	194	0.625	1
1	380	0.125	0
1	46	0.0	0
30	398	0.75	0
1	112	0.625	0
221	420	0.5	0
1	88	1.0	1
1	294	0.625	0
1	147	0.5	0
1	310	0.875	0
1	111	0.5	0
1	308	1.0	0
1	400	0.75	0
320	353	0.375	0
362	1	1.0	1
1	179	0.625	0
1	5	0.25	0
1	384	0.5	0
369	158	0.5	0
305	114	1.0	0
1	395	0.125	0
180	215	0.625	0
375	132	0.5	1
1	157	0.375	0
92	233	0.625	0
365	82	0.75	0
352	335	0.75	0
393	346	0.625	1
1	399	0.625	0
8	198	0.125	0
166	115	0.0	0
145	248	0.875	0
1	312	0.75	0
1	98	1.0	0
1	1	0.25	1
206	347	0.125	0
1	165	0.375	1
1	274	1.0	0
292	112	0.75	0
1	314	0.875	0
251	121	1.0	0
222	200	0.625	0
1	1	0.5	0
1	88	0.625	1
24	367	0.75	0
317	410	0.5	0
182	200	0.0	0
1	145	0.5	0
1	281	0.5	0
1	222	0.75	0
263	283	0.5	0
1	298	0.625	1
306	213	0.625	0
1	156	0.0	0
1	387	1.0	0
1	1	0.25	1
1	271	0.375	0
1	368	0.25	0
1	1	0.25	1
392	273	0.625	0
1	243	0.5	0
1	371	0.625	0
44	159	1.0	0
47	120	0.875	0
105	394	1.0	0
3	209	0.25	0
1	1	0.375	1
1	429	0.375	0
1	242	0.875	0
264	50	0.25	0
1	206	0.125	0
54	379	0.0	0
1	124	0.125	0
260	399	0.25	0
88	318	0.625	0
1	18	0.125	0
1	62	0.625	0
1	1	0.625	1
1	34	1.0	0
44	66	0.875	0
1	1	0.25	1
29	36	0.0	0
1	1	0.75	1
36	404	0.75	0
267	369	0.5	1
361	381	0.875	0
139	251	0.625	0
1	1	0.75	1
390	23	0.625	0
1	47	0.875	0
1	1	0.0	1
353	304	0.5	0
1	264	0.25	0
407	336	0.75	1
1	341	0.875	0
1	132	0.375	0
29	137	0.0	0
311	289	0.75	0
1	242	0.875	0
1	1	0.25	1
1	149	0.375	0
1	169	0.875	0
300	307	0.5	0
123	93	0.75	0
1	122	0.125	0
88	62	0.625	0
221	48	0.125	1
156	303	0.125	0
1	1	0.625	1
1	388	0.625	1
41	205	0.375	0
1	389	0.125	0
29	88	1.0	0
1	178	0.75	0
1	203	0.625	0
203	38	0.125	0
1	264	0.25	0
1	1	0.5	1
55	1	0.25	0
1	1	0.25	1
199	134	1.0	0
1	381	0.5	0
37	45	0.375	0
1	163	0.625	0
1	336	0.625	0
1	220	0.75	0
1	1	0.5	1
1	1	0.25	1
1	34	0.625	0
325	145	0.5	0
305	274	1.0	0
1	341	0.75	0
387	1	0.625	1
1	267	0.25	0
1	319	0.125	0
1	109	1.0	0
1	98	0.5	0
1	318	0.125	0
1	358	0.5	0
1	333	0.0	0
1	367	0.5	0
151	403	0.75	0
1	78	0.0	0
1	212	0.125	1
1	28	0.125	0
314	277	0.25	0
20	1	0.375	1
43	362	0.0	0
201	194	0.875	0
56	228	0.5	0
104	236	0.0	0
1	77	0.0	0
29	172	0.375	0
1	276	0.25	1
1	152	0.0	0
421	208	0.875	0
113	111	0.0	0
1	1	0.25	1
30	92	0.125	0
1	400	0.75	0
66	97	0.0	0
423	428	0.875	0
1	127	0.625	0
1	213	0.5	0
1	343	1.0	0
364	279	0.5	0
29	1	0.625	1
1	229	0.75	0
188	410	0.125	0
9	410	1.0	1
1	57	0.125	0
1	277	0.75	0
1	357	0.5	1
1	149	0.75	0
350	262	0.625	0
26	1	0.0	1
1	343	0.375	0
138	1	0.625	1
149	298	0.625	0
5	123	1.0	1
19	228	0.125	0
1	1	0.5	1
1	10	0.0	0
88	311	0.625	0
223	74	0.125	0
1	334	0.625	0
1	79	0.75	0
356	377	0.5	0
1	376	0.0	0
207	244	1.0	1
43	404	0.75	0
19	430	0.125	0
259	1	1.0	1
1	244	0.5	0
426	230	1.0	0
1	276	0.375	0
311	390	0.25	0
1	309	0.25	0
1	79	0.125	0
163	225	0.375	0
1	348	1.0	0
62	93	0.125	0
245	162	0.625	0
280	314	0.25	0
1	305	0.625	0
188	206	0.125	0
234	115	0.375	0
172	249	0.375	0
1	25	0.875	0
91	274	0.625	0
1	410	1.0	1
47	246	0.875	0
50	277	0.25	0
54	152	0.0	0
280	43	0.25	1
1	310	0.875	0
1	285	0.125	0
1	341	0.125	0
29	22	0.375	0
1	25	0.75	0
43	74	0.75	0
1	406	0.625	0
175	1	0.375	1
38	204	0.5	1
1	371	0.625	0
1	193	1.0	0
74	147	0.625	0
1	408	0.5	0
407	4	0.75	0
150	378	0.625	0
1	280	0.625	0
174	1	0.625	1
1	161	0.625	0
265	309	1.0	0
1	48	0.625	0
1	156	0.875	0
1	45	0.375	0
1	420	0.25	0
1	430	0.25	0
88	1	0.125	1
1	296	0.25	0
1	259	0.5	0
10	62	0.0	0
1	388	0.125	0
1	193	0.5	0
1	25	0.5	0
1	1	0.125	1
1	98	0.375	0
1	340	0.375	0
1	141	0.5	1
320	382	0.375	0
1	39	0.75	0
1	428	0.125	0
206	130	1.0	0
1	331	0.75	0
421	130	0.875	0
1	1	0.375	0
1	1	0.75	1
348	232	0.625	0
1	176	0.125	0
1	384	0.625	0
1	312	0.75	0
35	398	0.875	0
1	174	0.75	0
47	272	0.75	0
1	110	0.125	0
35	308	1.0	0
1	175	0.375	0
1	104	0.375	0
1	271	0.25	0
220	25	0.875	0
1	284	0.875	0
101	199	0.75	0
283	223	1.0	0
190	341	0.125	0
1	1	0.5	1
1	143	0.25	0
346	399	0.625	0
41	28	0.5	0
1	321	0.25	0
170	58	1.0	0
1	315	0.25	0
296	355	0.25	0
1	300	1.0	0
1	135	0.0	0
1	85	0.25	0
1	386	0.125	0
194	91	0.375	1
34	1	0.625	1
44	413	0.875	0
9	311	0.625	0
88	142	0.125	0
1	190	0.0	0
1	80	0.5	0
222	272	0.625	0
60	33	0.25	0
34	206	0.625	0
373	397	0.75	0
169	271	0.125	0
1	427	1.0	1
1	334	0.625	0
1	349	0.0	0
1	1	0.75	1
1	293	1.0	0
1	175	1.0	0
30	14	0.25	0
6	47	0.0	1
191	148	0.125	0
1	105	0.25	0
123	249	0.875	0
1	199	0.75	0
1	403	0.75	0
13	92	1.0	0
1	214	0.25	0
1	149	0.375	0
1	307	0.5	0
1	376	0.625	0
1	178	0.375	0
1	157	0.625	0
1	126	0.125	0
1	1	0.5	1
1	315	0.75	0
343	118	0.375	0
184	98	1.0	0
1	148	0.625	0
1	258	0.5	0
367	51	0.625	0
89	428	0.875	0
1	298	0.5	0
1	89	0.875	1
216	79	0.125	0
1	74	1.0	0
1	406	0.875	0
1	1	0.0	1
1	367	0.0	0
1	245	0.5	0
254	34	0.875	0
160	324	1.0	0
1	80	0.75	0
36	327	1.0	0
1	184	0.625	0
1	1	1.0	1
1	206	0.25	0
1	36	0.875	0
76	418	0.375	0
24	31	0.375	1
1	228	0.75	0
1	1	0.375	1
1	362	1.0	0
1	302	0.875	0
107	234	0.375	0
78	76	0.0	0
1	297	1.0	0
92	1	0.875	1
1	360	0.875	1
193	217	0.5	0
384	326	0.625	0
23	386	0.5	0
1	365	0.25	0
294	223	0.25	0
1	430	0.375	0
291	302	0.25	0
359	199	0.5	0
136	1	0.875	1
1	366	0.0	0
1	38	0.25	0
1	313	0.375	0
1	370	0.125	0
105	1	0.125	1
34	319	0.75	0
65	228	0.375	0
1	98	0.75	0
1	279	0.625	0
1	391	0.875	0
105	268	0.125	0
1	1	0.625	1
139	228	1.0	0
1	87	0.625	0
1	124	0.25	0
168	181	0.625	0
142	197	0.0	0
260	394	1.0	0
1	1	0.625	1
370	245	0.5	1
106	162	0.375	0
1	390	0.75	0
1	42	0.75	0
429	54	1.0	0
1	354	1.0	0
413	182	0.75	0
149	261	0.625	0
30	277	0.75	1
1	390	0.75	0
166	330	0.5	0
374	91	0.5	1
1	127	0.875	1
1	240	0.5	0
18	242	1.0	0
364	1	0.625	1
1	12	0.0	0
1	140	0.75	0
393	151	0.75	1
1	359	0.625	0
1	1	0.875	1
1	1	0.625	1
1	289	0.625	0
